make: Nothing to be done for 'all'.
============================================================
Program for calculation of partial differential equations.  
============================================================
(c) Dr. Thomas Ludwig, TU München.
    Thomas A. Zochler, TU München.
    Andreas C. Schmidt, TU München.
============================================================

Berechnungszeit:    421.078582 s 
Speicherbedarf:     257.126236 MiB
Berechnungsmethode: Jacobi
Interlines:         512
Stoerfunktion:      f(x,y) = 2pi^2*sin(pi*x)sin(pi*y)
Terminierung:       Anzahl der Iterationen
Anzahl Iterationen: 1024
Norm des Fehlers:   2.92903711125e-07

Matrix:
 0.00000000 0.00000000 0.00000000 0.00000000 0.00000000 0.00000000 0.00000000 0.00000000 0.00000000
 0.00000000 0.00004393 0.00008117 0.00010606 0.00011480 0.00010606 0.00008117 0.00004393 0.00000000
 0.00000000 0.00008117 0.00014999 0.00019597 0.00021212 0.00019597 0.00014999 0.00008117 0.00000000
 0.00000000 0.00010606 0.00019597 0.00025605 0.00027714 0.00025605 0.00019597 0.00010606 0.00000000
 0.00000000 0.00011480 0.00021212 0.00027714 0.00029998 0.00027714 0.00021212 0.00011480 0.00000000
 0.00000000 0.00010606 0.00019597 0.00025605 0.00027714 0.00025605 0.00019597 0.00010606 0.00000000
 0.00000000 0.00008117 0.00014999 0.00019597 0.00021212 0.00019597 0.00014999 0.00008117 0.00000000
 0.00000000 0.00004393 0.00008117 0.00010606 0.00011480 0.00010606 0.00008117 0.00004393 0.00000000
 0.00000000 0.00000000 0.00000000 0.00000000 0.00000000 0.00000000 0.00000000 0.00000000 0.00000000
============================================================
Program for calculation of partial differential equations.  
============================================================
(c) Dr. Thomas Ludwig, TU München.
    Thomas A. Zochler, TU München.
    Andreas C. Schmidt, TU München.
============================================================

Berechnungszeit:    211.068996 s 
Speicherbedarf:     257.126236 MiB
Berechnungsmethode: Jacobi
Interlines:         512
Stoerfunktion:      f(x,y) = 2pi^2*sin(pi*x)sin(pi*y)
Terminierung:       Anzahl der Iterationen
Anzahl Iterationen: 1024
Norm des Fehlers:   2.92903711125e-07

Matrix:
 0.00000000 0.00000000 0.00000000 0.00000000 0.00000000 0.00000000 0.00000000 0.00000000 0.00000000
 0.00000000 0.00004393 0.00008117 0.00010606 0.00011480 0.00010606 0.00008117 0.00004393 0.00000000
 0.00000000 0.00008117 0.00014999 0.00019597 0.00021212 0.00019597 0.00014999 0.00008117 0.00000000
 0.00000000 0.00010606 0.00019597 0.00025605 0.00027714 0.00025605 0.00019597 0.00010606 0.00000000
 0.00000000 0.00011480 0.00021212 0.00027714 0.00029998 0.00027714 0.00021212 0.00011480 0.00000000
 0.00000000 0.00010606 0.00019597 0.00025605 0.00027714 0.00025605 0.00019597 0.00010606 0.00000000
 0.00000000 0.00008117 0.00014999 0.00019597 0.00021212 0.00019597 0.00014999 0.00008117 0.00000000
 0.00000000 0.00004393 0.00008117 0.00010606 0.00011480 0.00010606 0.00008117 0.00004393 0.00000000
 0.00000000 0.00000000 0.00000000 0.00000000 0.00000000 0.00000000 0.00000000 0.00000000 0.00000000
============================================================
Program for calculation of partial differential equations.  
============================================================
(c) Dr. Thomas Ludwig, TU München.
    Thomas A. Zochler, TU München.
    Andreas C. Schmidt, TU München.
============================================================

Berechnungszeit:    141.678141 s 
Speicherbedarf:     257.126236 MiB
Berechnungsmethode: Jacobi
Interlines:         512
Stoerfunktion:      f(x,y) = 2pi^2*sin(pi*x)sin(pi*y)
Terminierung:       Anzahl der Iterationen
Anzahl Iterationen: 1024
Norm des Fehlers:   2.92903711125e-07

Matrix:
 0.00000000 0.00000000 0.00000000 0.00000000 0.00000000 0.00000000 0.00000000 0.00000000 0.00000000
 0.00000000 0.00004393 0.00008117 0.00010606 0.00011480 0.00010606 0.00008117 0.00004393 0.00000000
 0.00000000 0.00008117 0.00014999 0.00019597 0.00021212 0.00019597 0.00014999 0.00008117 0.00000000
 0.00000000 0.00010606 0.00019597 0.00025605 0.00027714 0.00025605 0.00019597 0.00010606 0.00000000
 0.00000000 0.00011480 0.00021212 0.00027714 0.00029998 0.00027714 0.00021212 0.00011480 0.00000000
 0.00000000 0.00010606 0.00019597 0.00025605 0.00027714 0.00025605 0.00019597 0.00010606 0.00000000
 0.00000000 0.00008117 0.00014999 0.00019597 0.00021212 0.00019597 0.00014999 0.00008117 0.00000000
 0.00000000 0.00004393 0.00008117 0.00010606 0.00011480 0.00010606 0.00008117 0.00004393 0.00000000
 0.00000000 0.00000000 0.00000000 0.00000000 0.00000000 0.00000000 0.00000000 0.00000000 0.00000000
============================================================
Program for calculation of partial differential equations.  
============================================================
(c) Dr. Thomas Ludwig, TU München.
    Thomas A. Zochler, TU München.
    Andreas C. Schmidt, TU München.
============================================================

Berechnungszeit:    106.213716 s 
Speicherbedarf:     257.126236 MiB
Berechnungsmethode: Jacobi
Interlines:         512
Stoerfunktion:      f(x,y) = 2pi^2*sin(pi*x)sin(pi*y)
Terminierung:       Anzahl der Iterationen
Anzahl Iterationen: 1024
Norm des Fehlers:   2.92903711125e-07

Matrix:
 0.00000000 0.00000000 0.00000000 0.00000000 0.00000000 0.00000000 0.00000000 0.00000000 0.00000000
 0.00000000 0.00004393 0.00008117 0.00010606 0.00011480 0.00010606 0.00008117 0.00004393 0.00000000
 0.00000000 0.00008117 0.00014999 0.00019597 0.00021212 0.00019597 0.00014999 0.00008117 0.00000000
 0.00000000 0.00010606 0.00019597 0.00025605 0.00027714 0.00025605 0.00019597 0.00010606 0.00000000
 0.00000000 0.00011480 0.00021212 0.00027714 0.00029998 0.00027714 0.00021212 0.00011480 0.00000000
 0.00000000 0.00010606 0.00019597 0.00025605 0.00027714 0.00025605 0.00019597 0.00010606 0.00000000
 0.00000000 0.00008117 0.00014999 0.00019597 0.00021212 0.00019597 0.00014999 0.00008117 0.00000000
 0.00000000 0.00004393 0.00008117 0.00010606 0.00011480 0.00010606 0.00008117 0.00004393 0.00000000
 0.00000000 0.00000000 0.00000000 0.00000000 0.00000000 0.00000000 0.00000000 0.00000000 0.00000000
============================================================
Program for calculation of partial differential equations.  
============================================================
(c) Dr. Thomas Ludwig, TU München.
    Thomas A. Zochler, TU München.
    Andreas C. Schmidt, TU München.
============================================================

Berechnungszeit:    85.273545 s 
Speicherbedarf:     257.126236 MiB
Berechnungsmethode: Jacobi
Interlines:         512
Stoerfunktion:      f(x,y) = 2pi^2*sin(pi*x)sin(pi*y)
Terminierung:       Anzahl der Iterationen
Anzahl Iterationen: 1024
Norm des Fehlers:   2.92903711125e-07

Matrix:
 0.00000000 0.00000000 0.00000000 0.00000000 0.00000000 0.00000000 0.00000000 0.00000000 0.00000000
 0.00000000 0.00004393 0.00008117 0.00010606 0.00011480 0.00010606 0.00008117 0.00004393 0.00000000
 0.00000000 0.00008117 0.00014999 0.00019597 0.00021212 0.00019597 0.00014999 0.00008117 0.00000000
 0.00000000 0.00010606 0.00019597 0.00025605 0.00027714 0.00025605 0.00019597 0.00010606 0.00000000
 0.00000000 0.00011480 0.00021212 0.00027714 0.00029998 0.00027714 0.00021212 0.00011480 0.00000000
 0.00000000 0.00010606 0.00019597 0.00025605 0.00027714 0.00025605 0.00019597 0.00010606 0.00000000
 0.00000000 0.00008117 0.00014999 0.00019597 0.00021212 0.00019597 0.00014999 0.00008117 0.00000000
 0.00000000 0.00004393 0.00008117 0.00010606 0.00011480 0.00010606 0.00008117 0.00004393 0.00000000
 0.00000000 0.00000000 0.00000000 0.00000000 0.00000000 0.00000000 0.00000000 0.00000000 0.00000000
============================================================
Program for calculation of partial differential equations.  
============================================================
(c) Dr. Thomas Ludwig, TU München.
    Thomas A. Zochler, TU München.
    Andreas C. Schmidt, TU München.
============================================================

Berechnungszeit:    70.945651 s 
Speicherbedarf:     257.126236 MiB
Berechnungsmethode: Jacobi
Interlines:         512
Stoerfunktion:      f(x,y) = 2pi^2*sin(pi*x)sin(pi*y)
Terminierung:       Anzahl der Iterationen
Anzahl Iterationen: 1024
Norm des Fehlers:   2.92903711125e-07

Matrix:
 0.00000000 0.00000000 0.00000000 0.00000000 0.00000000 0.00000000 0.00000000 0.00000000 0.00000000
 0.00000000 0.00004393 0.00008117 0.00010606 0.00011480 0.00010606 0.00008117 0.00004393 0.00000000
 0.00000000 0.00008117 0.00014999 0.00019597 0.00021212 0.00019597 0.00014999 0.00008117 0.00000000
 0.00000000 0.00010606 0.00019597 0.00025605 0.00027714 0.00025605 0.00019597 0.00010606 0.00000000
 0.00000000 0.00011480 0.00021212 0.00027714 0.00029998 0.00027714 0.00021212 0.00011480 0.00000000
 0.00000000 0.00010606 0.00019597 0.00025605 0.00027714 0.00025605 0.00019597 0.00010606 0.00000000
 0.00000000 0.00008117 0.00014999 0.00019597 0.00021212 0.00019597 0.00014999 0.00008117 0.00000000
 0.00000000 0.00004393 0.00008117 0.00010606 0.00011480 0.00010606 0.00008117 0.00004393 0.00000000
 0.00000000 0.00000000 0.00000000 0.00000000 0.00000000 0.00000000 0.00000000 0.00000000 0.00000000
============================================================
Program for calculation of partial differential equations.  
============================================================
(c) Dr. Thomas Ludwig, TU München.
    Thomas A. Zochler, TU München.
    Andreas C. Schmidt, TU München.
============================================================

Berechnungszeit:    60.876780 s 
Speicherbedarf:     257.126236 MiB
Berechnungsmethode: Jacobi
Interlines:         512
Stoerfunktion:      f(x,y) = 2pi^2*sin(pi*x)sin(pi*y)
Terminierung:       Anzahl der Iterationen
Anzahl Iterationen: 1024
Norm des Fehlers:   2.92903711125e-07

Matrix:
 0.00000000 0.00000000 0.00000000 0.00000000 0.00000000 0.00000000 0.00000000 0.00000000 0.00000000
 0.00000000 0.00004393 0.00008117 0.00010606 0.00011480 0.00010606 0.00008117 0.00004393 0.00000000
 0.00000000 0.00008117 0.00014999 0.00019597 0.00021212 0.00019597 0.00014999 0.00008117 0.00000000
 0.00000000 0.00010606 0.00019597 0.00025605 0.00027714 0.00025605 0.00019597 0.00010606 0.00000000
 0.00000000 0.00011480 0.00021212 0.00027714 0.00029998 0.00027714 0.00021212 0.00011480 0.00000000
 0.00000000 0.00010606 0.00019597 0.00025605 0.00027714 0.00025605 0.00019597 0.00010606 0.00000000
 0.00000000 0.00008117 0.00014999 0.00019597 0.00021212 0.00019597 0.00014999 0.00008117 0.00000000
 0.00000000 0.00004393 0.00008117 0.00010606 0.00011480 0.00010606 0.00008117 0.00004393 0.00000000
 0.00000000 0.00000000 0.00000000 0.00000000 0.00000000 0.00000000 0.00000000 0.00000000 0.00000000
============================================================
Program for calculation of partial differential equations.  
============================================================
(c) Dr. Thomas Ludwig, TU München.
    Thomas A. Zochler, TU München.
    Andreas C. Schmidt, TU München.
============================================================

Berechnungszeit:    53.350205 s 
Speicherbedarf:     257.126236 MiB
Berechnungsmethode: Jacobi
Interlines:         512
Stoerfunktion:      f(x,y) = 2pi^2*sin(pi*x)sin(pi*y)
Terminierung:       Anzahl der Iterationen
Anzahl Iterationen: 1024
Norm des Fehlers:   2.92903711125e-07

Matrix:
 0.00000000 0.00000000 0.00000000 0.00000000 0.00000000 0.00000000 0.00000000 0.00000000 0.00000000
 0.00000000 0.00004393 0.00008117 0.00010606 0.00011480 0.00010606 0.00008117 0.00004393 0.00000000
 0.00000000 0.00008117 0.00014999 0.00019597 0.00021212 0.00019597 0.00014999 0.00008117 0.00000000
 0.00000000 0.00010606 0.00019597 0.00025605 0.00027714 0.00025605 0.00019597 0.00010606 0.00000000
 0.00000000 0.00011480 0.00021212 0.00027714 0.00029998 0.00027714 0.00021212 0.00011480 0.00000000
 0.00000000 0.00010606 0.00019597 0.00025605 0.00027714 0.00025605 0.00019597 0.00010606 0.00000000
 0.00000000 0.00008117 0.00014999 0.00019597 0.00021212 0.00019597 0.00014999 0.00008117 0.00000000
 0.00000000 0.00004393 0.00008117 0.00010606 0.00011480 0.00010606 0.00008117 0.00004393 0.00000000
 0.00000000 0.00000000 0.00000000 0.00000000 0.00000000 0.00000000 0.00000000 0.00000000 0.00000000
============================================================
Program for calculation of partial differential equations.  
============================================================
(c) Dr. Thomas Ludwig, TU München.
    Thomas A. Zochler, TU München.
    Andreas C. Schmidt, TU München.
============================================================

Berechnungszeit:    47.661559 s 
Speicherbedarf:     257.126236 MiB
Berechnungsmethode: Jacobi
Interlines:         512
Stoerfunktion:      f(x,y) = 2pi^2*sin(pi*x)sin(pi*y)
Terminierung:       Anzahl der Iterationen
Anzahl Iterationen: 1024
Norm des Fehlers:   2.92903711125e-07

Matrix:
 0.00000000 0.00000000 0.00000000 0.00000000 0.00000000 0.00000000 0.00000000 0.00000000 0.00000000
 0.00000000 0.00004393 0.00008117 0.00010606 0.00011480 0.00010606 0.00008117 0.00004393 0.00000000
 0.00000000 0.00008117 0.00014999 0.00019597 0.00021212 0.00019597 0.00014999 0.00008117 0.00000000
 0.00000000 0.00010606 0.00019597 0.00025605 0.00027714 0.00025605 0.00019597 0.00010606 0.00000000
 0.00000000 0.00011480 0.00021212 0.00027714 0.00029998 0.00027714 0.00021212 0.00011480 0.00000000
 0.00000000 0.00010606 0.00019597 0.00025605 0.00027714 0.00025605 0.00019597 0.00010606 0.00000000
 0.00000000 0.00008117 0.00014999 0.00019597 0.00021212 0.00019597 0.00014999 0.00008117 0.00000000
 0.00000000 0.00004393 0.00008117 0.00010606 0.00011480 0.00010606 0.00008117 0.00004393 0.00000000
 0.00000000 0.00000000 0.00000000 0.00000000 0.00000000 0.00000000 0.00000000 0.00000000 0.00000000
============================================================
Program for calculation of partial differential equations.  
============================================================
(c) Dr. Thomas Ludwig, TU München.
    Thomas A. Zochler, TU München.
    Andreas C. Schmidt, TU München.
============================================================

Berechnungszeit:    43.179251 s 
Speicherbedarf:     257.126236 MiB
Berechnungsmethode: Jacobi
Interlines:         512
Stoerfunktion:      f(x,y) = 2pi^2*sin(pi*x)sin(pi*y)
Terminierung:       Anzahl der Iterationen
Anzahl Iterationen: 1024
Norm des Fehlers:   2.92903711125e-07

Matrix:
 0.00000000 0.00000000 0.00000000 0.00000000 0.00000000 0.00000000 0.00000000 0.00000000 0.00000000
 0.00000000 0.00004393 0.00008117 0.00010606 0.00011480 0.00010606 0.00008117 0.00004393 0.00000000
 0.00000000 0.00008117 0.00014999 0.00019597 0.00021212 0.00019597 0.00014999 0.00008117 0.00000000
 0.00000000 0.00010606 0.00019597 0.00025605 0.00027714 0.00025605 0.00019597 0.00010606 0.00000000
 0.00000000 0.00011480 0.00021212 0.00027714 0.00029998 0.00027714 0.00021212 0.00011480 0.00000000
 0.00000000 0.00010606 0.00019597 0.00025605 0.00027714 0.00025605 0.00019597 0.00010606 0.00000000
 0.00000000 0.00008117 0.00014999 0.00019597 0.00021212 0.00019597 0.00014999 0.00008117 0.00000000
 0.00000000 0.00004393 0.00008117 0.00010606 0.00011480 0.00010606 0.00008117 0.00004393 0.00000000
 0.00000000 0.00000000 0.00000000 0.00000000 0.00000000 0.00000000 0.00000000 0.00000000 0.00000000
============================================================
Program for calculation of partial differential equations.  
============================================================
(c) Dr. Thomas Ludwig, TU München.
    Thomas A. Zochler, TU München.
    Andreas C. Schmidt, TU München.
============================================================

Berechnungszeit:    39.976557 s 
Speicherbedarf:     257.126236 MiB
Berechnungsmethode: Jacobi
Interlines:         512
Stoerfunktion:      f(x,y) = 2pi^2*sin(pi*x)sin(pi*y)
Terminierung:       Anzahl der Iterationen
Anzahl Iterationen: 1024
Norm des Fehlers:   2.92903711125e-07

Matrix:
 0.00000000 0.00000000 0.00000000 0.00000000 0.00000000 0.00000000 0.00000000 0.00000000 0.00000000
 0.00000000 0.00004393 0.00008117 0.00010606 0.00011480 0.00010606 0.00008117 0.00004393 0.00000000
 0.00000000 0.00008117 0.00014999 0.00019597 0.00021212 0.00019597 0.00014999 0.00008117 0.00000000
 0.00000000 0.00010606 0.00019597 0.00025605 0.00027714 0.00025605 0.00019597 0.00010606 0.00000000
 0.00000000 0.00011480 0.00021212 0.00027714 0.00029998 0.00027714 0.00021212 0.00011480 0.00000000
 0.00000000 0.00010606 0.00019597 0.00025605 0.00027714 0.00025605 0.00019597 0.00010606 0.00000000
 0.00000000 0.00008117 0.00014999 0.00019597 0.00021212 0.00019597 0.00014999 0.00008117 0.00000000
 0.00000000 0.00004393 0.00008117 0.00010606 0.00011480 0.00010606 0.00008117 0.00004393 0.00000000
 0.00000000 0.00000000 0.00000000 0.00000000 0.00000000 0.00000000 0.00000000 0.00000000 0.00000000
============================================================
Program for calculation of partial differential equations.  
============================================================
(c) Dr. Thomas Ludwig, TU München.
    Thomas A. Zochler, TU München.
    Andreas C. Schmidt, TU München.
============================================================

Berechnungszeit:    36.717683 s 
Speicherbedarf:     257.126236 MiB
Berechnungsmethode: Jacobi
Interlines:         512
Stoerfunktion:      f(x,y) = 2pi^2*sin(pi*x)sin(pi*y)
Terminierung:       Anzahl der Iterationen
Anzahl Iterationen: 1024
Norm des Fehlers:   2.92903711125e-07

Matrix:
 0.00000000 0.00000000 0.00000000 0.00000000 0.00000000 0.00000000 0.00000000 0.00000000 0.00000000
 0.00000000 0.00004393 0.00008117 0.00010606 0.00011480 0.00010606 0.00008117 0.00004393 0.00000000
 0.00000000 0.00008117 0.00014999 0.00019597 0.00021212 0.00019597 0.00014999 0.00008117 0.00000000
 0.00000000 0.00010606 0.00019597 0.00025605 0.00027714 0.00025605 0.00019597 0.00010606 0.00000000
 0.00000000 0.00011480 0.00021212 0.00027714 0.00029998 0.00027714 0.00021212 0.00011480 0.00000000
 0.00000000 0.00010606 0.00019597 0.00025605 0.00027714 0.00025605 0.00019597 0.00010606 0.00000000
 0.00000000 0.00008117 0.00014999 0.00019597 0.00021212 0.00019597 0.00014999 0.00008117 0.00000000
 0.00000000 0.00004393 0.00008117 0.00010606 0.00011480 0.00010606 0.00008117 0.00004393 0.00000000
 0.00000000 0.00000000 0.00000000 0.00000000 0.00000000 0.00000000 0.00000000 0.00000000 0.00000000
Job beendet

/n Job beendet
