Sequentieller Code: 

./partdiff-seq 1 2 64 2 2 9000
============================================================
Program for calculation of partial differential equations.  
============================================================
(c) Dr. Thomas Ludwig, TU München.
    Thomas A. Zochler, TU München.
    Andreas C. Schmidt, TU München.
============================================================

Berechnungszeit:    21.938238 s 
Speicherbedarf:     4.141861 MiB
Berechnungsmethode: Jacobi
Interlines:         64
Stoerfunktion:      f(x,y) = 2pi^2*sin(pi*x)sin(pi*y)
Terminierung:       Anzahl der Iterationen
Anzahl Iterationen: 9000
Norm des Fehlers:   1.54859429135e-05

Matrix:
 0.00000000 0.00000000 0.00000000 0.00000000 0.00000000 0.00000000 0.00000000 0.00000000 0.00000000
 0.00000000 0.02218249 0.04098789 0.05355327 0.05796564 0.05355327 0.04098789 0.02218249 0.00000000
 0.00000000 0.04098789 0.07573575 0.09895353 0.10710653 0.09895353 0.07573575 0.04098789 0.00000000
 0.00000000 0.05355327 0.09895353 0.12928902 0.13994143 0.12928902 0.09895353 0.05355327 0.00000000
 0.00000000 0.05796564 0.10710653 0.13994143 0.15147151 0.13994143 0.10710653 0.05796564 0.00000000
 0.00000000 0.05355327 0.09895353 0.12928902 0.13994143 0.12928902 0.09895353 0.05355327 0.00000000
 0.00000000 0.04098789 0.07573575 0.09895353 0.10710653 0.09895353 0.07573575 0.04098789 0.00000000
 0.00000000 0.02218249 0.04098789 0.05355327 0.05796564 0.05355327 0.04098789 0.02218249 0.00000000
 0.00000000 0.00000000 0.00000000 0.00000000 0.00000000 0.00000000 0.00000000 0.00000000 0.00000000

 _____________________________________________________________________________________________________________


 ./partdiff-seq 1 2 64 2 2 9000
============================================================
Program for calculation of partial differential equations.  
============================================================
(c) Dr. Thomas Ludwig, TU München.
    Thomas A. Zochler, TU München.
    Andreas C. Schmidt, TU München.
============================================================

Berechnungszeit:    21.933888 s 
Speicherbedarf:     4.141861 MiB
Berechnungsmethode: Jacobi
Interlines:         64
Stoerfunktion:      f(x,y) = 2pi^2*sin(pi*x)sin(pi*y)
Terminierung:       Anzahl der Iterationen
Anzahl Iterationen: 9000
Norm des Fehlers:   1.54859429135e-05

Matrix:
 0.00000000 0.00000000 0.00000000 0.00000000 0.00000000 0.00000000 0.00000000 0.00000000 0.00000000
 0.00000000 0.02218249 0.04098789 0.05355327 0.05796564 0.05355327 0.04098789 0.02218249 0.00000000
 0.00000000 0.04098789 0.07573575 0.09895353 0.10710653 0.09895353 0.07573575 0.04098789 0.00000000
 0.00000000 0.05355327 0.09895353 0.12928902 0.13994143 0.12928902 0.09895353 0.05355327 0.00000000
 0.00000000 0.05796564 0.10710653 0.13994143 0.15147151 0.13994143 0.10710653 0.05796564 0.00000000
 0.00000000 0.05355327 0.09895353 0.12928902 0.13994143 0.12928902 0.09895353 0.05355327 0.00000000
 0.00000000 0.04098789 0.07573575 0.09895353 0.10710653 0.09895353 0.07573575 0.04098789 0.00000000
 0.00000000 0.02218249 0.04098789 0.05355327 0.05796564 0.05355327 0.04098789 0.02218249 0.00000000
 0.00000000 0.00000000 0.00000000 0.00000000 0.00000000 0.00000000 0.00000000 0.00000000 0.00000000

 _____________________________________________________________________________________________________________


 ./partdiff-seq 1 2 64 2 2 9000
============================================================
Program for calculation of partial differential equations.  
============================================================
(c) Dr. Thomas Ludwig, TU München.
    Thomas A. Zochler, TU München.
    Andreas C. Schmidt, TU München.
============================================================

Berechnungszeit:    21.938238 s 
Speicherbedarf:     4.141861 MiB
Berechnungsmethode: Jacobi
Interlines:         64
Stoerfunktion:      f(x,y) = 2pi^2*sin(pi*x)sin(pi*y)
Terminierung:       Anzahl der Iterationen
Anzahl Iterationen: 9000
Norm des Fehlers:   1.54859429135e-05

Matrix:
 0.00000000 0.00000000 0.00000000 0.00000000 0.00000000 0.00000000 0.00000000 0.00000000 0.00000000
 0.00000000 0.02218249 0.04098789 0.05355327 0.05796564 0.05355327 0.04098789 0.02218249 0.00000000
 0.00000000 0.04098789 0.07573575 0.09895353 0.10710653 0.09895353 0.07573575 0.04098789 0.00000000
 0.00000000 0.05355327 0.09895353 0.12928902 0.13994143 0.12928902 0.09895353 0.05355327 0.00000000
 0.00000000 0.05796564 0.10710653 0.13994143 0.15147151 0.13994143 0.10710653 0.05796564 0.00000000
 0.00000000 0.05355327 0.09895353 0.12928902 0.13994143 0.12928902 0.09895353 0.05355327 0.00000000
 0.00000000 0.04098789 0.07573575 0.09895353 0.10710653 0.09895353 0.07573575 0.04098789 0.00000000
 0.00000000 0.02218249 0.04098789 0.05355327 0.05796564 0.05355327 0.04098789 0.02218249 0.00000000
 0.00000000 0.00000000 0.00000000 0.00000000 0.00000000 0.00000000 0.00000000 0.00000000 0.00000000
noel@LAPTOP-NPNCDBNH:~/HR/Blatt4/04-openmp/04-openmp$ ./partdiff-seq 1 2 64 2 2 9000
============================================================
Program for calculation of partial differential equations.  
============================================================
(c) Dr. Thomas Ludwig, TU München.
    Thomas A. Zochler, TU München.
    Andreas C. Schmidt, TU München.
============================================================

Berechnungszeit:    24.137558 s 
Speicherbedarf:     4.141861 MiB
Berechnungsmethode: Jacobi
Interlines:         64
Stoerfunktion:      f(x,y) = 2pi^2*sin(pi*x)sin(pi*y)
Terminierung:       Anzahl der Iterationen
Anzahl Iterationen: 9000
Norm des Fehlers:   1.54859429135e-05

Matrix:
 0.00000000 0.00000000 0.00000000 0.00000000 0.00000000 0.00000000 0.00000000 0.00000000 0.00000000
 0.00000000 0.02218249 0.04098789 0.05355327 0.05796564 0.05355327 0.04098789 0.02218249 0.00000000
 0.00000000 0.04098789 0.07573575 0.09895353 0.10710653 0.09895353 0.07573575 0.04098789 0.00000000
 0.00000000 0.05355327 0.09895353 0.12928902 0.13994143 0.12928902 0.09895353 0.05355327 0.00000000
 0.00000000 0.05796564 0.10710653 0.13994143 0.15147151 0.13994143 0.10710653 0.05796564 0.00000000
 0.00000000 0.05355327 0.09895353 0.12928902 0.13994143 0.12928902 0.09895353 0.05355327 0.00000000
 0.00000000 0.04098789 0.07573575 0.09895353 0.10710653 0.09895353 0.07573575 0.04098789 0.00000000
 0.00000000 0.02218249 0.04098789 0.05355327 0.05796564 0.05355327 0.04098789 0.02218249 0.00000000
 0.00000000 0.00000000 0.00000000 0.00000000 0.00000000 0.00000000 0.00000000 0.00000000 0.00000000


 _____________________________________________________________________________________________________________


 Paralleler Code:

 ./partdiff-seq 1 2 64 2 2 9000
============================================================
Program for calculation of partial differential equations.  
============================================================
(c) Dr. Thomas Ludwig, TU München.
    Thomas A. Zochler, TU München.
    Andreas C. Schmidt, TU München.
============================================================

Berechnungszeit:    9.005737 s 
Speicherbedarf:     4.141861 MiB
Berechnungsmethode: Jacobi
Interlines:         64
Stoerfunktion:      f(x,y) = 2pi^2*sin(pi*x)sin(pi*y)
Terminierung:       Anzahl der Iterationen
Anzahl Iterationen: 9000
Norm des Fehlers:   1.54859429135e-05

Matrix:
 0.00000000 0.00000000 0.00000000 0.00000000 0.00000000 0.00000000 0.00000000 0.00000000 0.00000000
 0.00000000 0.02218249 0.04098789 0.05355327 0.05796564 0.05355327 0.04098789 0.02218249 0.00000000
 0.00000000 0.04098789 0.07573575 0.09895353 0.10710653 0.09895353 0.07573575 0.04098789 0.00000000
 0.00000000 0.05355327 0.09895353 0.12928902 0.13994143 0.12928902 0.09895353 0.05355327 0.00000000
 0.00000000 0.05796564 0.10710653 0.13994143 0.15147151 0.13994143 0.10710653 0.05796564 0.00000000
 0.00000000 0.05355327 0.09895353 0.12928902 0.13994143 0.12928902 0.09895353 0.05355327 0.00000000
 0.00000000 0.04098789 0.07573575 0.09895353 0.10710653 0.09895353 0.07573575 0.04098789 0.00000000
 0.00000000 0.02218249 0.04098789 0.05355327 0.05796564 0.05355327 0.04098789 0.02218249 0.00000000
 0.00000000 0.00000000 0.00000000 0.00000000 0.00000000 0.00000000 0.00000000 0.00000000 0.00000000

 _____________________________________________________________________________________________________________


  ./partdiff-seq 1 2 64 2 2 9000
============================================================
Program for calculation of partial differential equations.  
============================================================
(c) Dr. Thomas Ludwig, TU München.
    Thomas A. Zochler, TU München.
    Andreas C. Schmidt, TU München.
============================================================

Berechnungszeit:    9.022408 s 
Speicherbedarf:     4.141861 MiB
Berechnungsmethode: Jacobi
Interlines:         64
Stoerfunktion:      f(x,y) = 2pi^2*sin(pi*x)sin(pi*y)
Terminierung:       Anzahl der Iterationen
Anzahl Iterationen: 9000
Norm des Fehlers:   1.54859429135e-05

Matrix:
 0.00000000 0.00000000 0.00000000 0.00000000 0.00000000 0.00000000 0.00000000 0.00000000 0.00000000
 0.00000000 0.02218249 0.04098789 0.05355327 0.05796564 0.05355327 0.04098789 0.02218249 0.00000000
 0.00000000 0.04098789 0.07573575 0.09895353 0.10710653 0.09895353 0.07573575 0.04098789 0.00000000
 0.00000000 0.05355327 0.09895353 0.12928902 0.13994143 0.12928902 0.09895353 0.05355327 0.00000000
 0.00000000 0.05796564 0.10710653 0.13994143 0.15147151 0.13994143 0.10710653 0.05796564 0.00000000
 0.00000000 0.05355327 0.09895353 0.12928902 0.13994143 0.12928902 0.09895353 0.05355327 0.00000000
 0.00000000 0.04098789 0.07573575 0.09895353 0.10710653 0.09895353 0.07573575 0.04098789 0.00000000
 0.00000000 0.02218249 0.04098789 0.05355327 0.05796564 0.05355327 0.04098789 0.02218249 0.00000000
 0.00000000 0.00000000 0.00000000 0.00000000 0.00000000 0.00000000 0.00000000 0.00000000 0.00000000

 _____________________________________________________________________________________________________________


 ./partdiff-seq 1 2 64 2 2 9000
============================================================
Program for calculation of partial differential equations.  
============================================================
(c) Dr. Thomas Ludwig, TU München.
    Thomas A. Zochler, TU München.
    Andreas C. Schmidt, TU München.
============================================================

Berechnungszeit:    11.977886 s 
Speicherbedarf:     4.141861 MiB
Berechnungsmethode: Jacobi
Interlines:         64
Stoerfunktion:      f(x,y) = 2pi^2*sin(pi*x)sin(pi*y)
Terminierung:       Anzahl der Iterationen
Anzahl Iterationen: 9000
Norm des Fehlers:   1.54859429135e-05

Matrix:
 0.00000000 0.00000000 0.00000000 0.00000000 0.00000000 0.00000000 0.00000000 0.00000000 0.00000000
 0.00000000 0.02218249 0.04098789 0.05355327 0.05796564 0.05355327 0.04098789 0.02218249 0.00000000
 0.00000000 0.04098789 0.07573575 0.09895353 0.10710653 0.09895353 0.07573575 0.04098789 0.00000000
 0.00000000 0.05355327 0.09895353 0.12928902 0.13994143 0.12928902 0.09895353 0.05355327 0.00000000
 0.00000000 0.05796564 0.10710653 0.13994143 0.15147151 0.13994143 0.10710653 0.05796564 0.00000000
 0.00000000 0.05355327 0.09895353 0.12928902 0.13994143 0.12928902 0.09895353 0.05355327 0.00000000
 0.00000000 0.04098789 0.07573575 0.09895353 0.10710653 0.09895353 0.07573575 0.04098789 0.00000000
 0.00000000 0.02218249 0.04098789 0.05355327 0.05796564 0.05355327 0.04098789 0.02218249 0.00000000
 0.00000000 0.00000000 0.00000000 0.00000000 0.00000000 0.00000000 0.00000000 0.00000000 0.00000000