Sequentieller Code:


./partdiff-seq 1 2 512 2 2 100
============================================================
Program for calculation of partial differential equations.  
============================================================
(c) Dr. Thomas Ludwig, TU München.
    Thomas A. Zochler, TU München.
    Andreas C. Schmidt, TU München.
============================================================

Berechnungszeit:    41.237570 s 
Speicherbedarf:     257.126236 MiB
Berechnungsmethode: Jacobi
Interlines:         512
Stoerfunktion:      f(x,y) = 2pi^2*sin(pi*x)sin(pi*y)
Terminierung:       Anzahl der Iterationen
Anzahl Iterationen: 100
Norm des Fehlers:   2.92983017979e-07

Matrix:
 0.00000000 0.00000000 0.00000000 0.00000000 0.00000000 0.00000000 0.00000000 0.00000000 0.00000000
 0.00000000 0.00000429 0.00000793 0.00001036 0.00001121 0.00001036 0.00000793 0.00000429 0.00000000
 0.00000000 0.00000793 0.00001465 0.00001914 0.00002072 0.00001914 0.00001465 0.00000793 0.00000000
 0.00000000 0.00001036 0.00001914 0.00002501 0.00002707 0.00002501 0.00001914 0.00001036 0.00000000
 0.00000000 0.00001121 0.00002072 0.00002707 0.00002930 0.00002707 0.00002072 0.00001121 0.00000000
 0.00000000 0.00001036 0.00001914 0.00002501 0.00002707 0.00002501 0.00001914 0.00001036 0.00000000
 0.00000000 0.00000793 0.00001465 0.00001914 0.00002072 0.00001914 0.00001465 0.00000793 0.00000000
 0.00000000 0.00000429 0.00000793 0.00001036 0.00001121 0.00001036 0.00000793 0.00000429 0.00000000
 0.00000000 0.00000000 0.00000000 0.00000000 0.00000000 0.00000000 0.00000000 0.00000000 0.00000000