============================================================
Program for calculation of partial differential equations.  
============================================================
(c) Dr. Thomas Ludwig, TU München.
    Thomas A. Zochler, TU München.
    Andreas C. Schmidt, TU München.
============================================================

Berechnungszeit:    190.714328 s 
Speicherbedarf:     20.009384 MiB
Berechnungsmethode: Gauß-Seidel
Interlines:         200
Stoerfunktion:      f(x,y) = 0
Terminierung:       Hinreichende Genaugkeit
Anzahl Iterationen: 40731
Norm des Fehlers:   3.34933247712e-05

Matrix:
 4.00000000 3.87500000 3.75000000 3.62500000 3.50000000 3.37500000 3.25000000 3.12500000 3.00000000
 3.87500000 2.06834264 1.32084401 1.16711074 1.11993557 1.08482199 1.12740984 1.61012953 2.87500000
 3.75000000 1.32084401 0.34297856 0.18048758 0.16468874 0.16547259 0.27219133 0.97835015 2.75000000
 3.62500000 1.16711074 0.18048758 0.02109002 0.01062865 0.01693033 0.12945449 0.84296011 2.62500000
 3.50000000 1.11993557 0.16468874 0.01062865 0.00082805 0.00717642 0.11501556 0.79704041 2.50000000
 3.37500000 1.08482199 0.16547259 0.01693033 0.00717642 0.01286935 0.11478444 0.76101656 2.37500000
 3.25000000 1.12740984 0.27219133 0.12945449 0.11501556 0.11478444 0.20227188 0.78562692 2.25000000
 3.12500000 1.61012953 0.97835015 0.84296011 0.79704041 0.76101656 0.78562692 1.15218021 2.12500000
 3.00000000 2.87500000 2.75000000 2.62500000 2.50000000 2.37500000 2.25000000 2.12500000 2.00000000
============================================================
Program for calculation of partial differential equations.  
============================================================
(c) Dr. Thomas Ludwig, TU München.
    Thomas A. Zochler, TU München.
    Andreas C. Schmidt, TU München.
============================================================

Berechnungszeit:    192.395156 s 
Speicherbedarf:     20.009384 MiB
Berechnungsmethode: Gauß-Seidel
Interlines:         200
Stoerfunktion:      f(x,y) = 0
Terminierung:       Hinreichende Genaugkeit
Anzahl Iterationen: 40731
Norm des Fehlers:   3.34933247712e-05

Matrix:
 4.00000000 3.87500000 3.75000000 3.62500000 3.50000000 3.37500000 3.25000000 3.12500000 3.00000000
 3.87500000 2.06834264 1.32084401 1.16711074 1.11993557 1.08482199 1.12740984 1.61012953 2.87500000
 3.75000000 1.32084401 0.34297856 0.18048758 0.16468874 0.16547259 0.27219133 0.97835015 2.75000000
 3.62500000 1.16711074 0.18048758 0.02109002 0.01062865 0.01693033 0.12945449 0.84296011 2.62500000
 3.50000000 1.11993557 0.16468874 0.01062865 0.00082805 0.00717642 0.11501556 0.79704041 2.50000000
 3.37500000 1.08482199 0.16547259 0.01693033 0.00717642 0.01286935 0.11478444 0.76101656 2.37500000
 3.25000000 1.12740984 0.27219133 0.12945449 0.11501556 0.11478444 0.20227188 0.78562692 2.25000000
 3.12500000 1.61012953 0.97835015 0.84296011 0.79704041 0.76101656 0.78562692 1.15218021 2.12500000
 3.00000000 2.87500000 2.75000000 2.62500000 2.50000000 2.37500000 2.25000000 2.12500000 2.00000000
============================================================
Program for calculation of partial differential equations.  
============================================================
(c) Dr. Thomas Ludwig, TU München.
    Thomas A. Zochler, TU München.
    Andreas C. Schmidt, TU München.
============================================================

Berechnungszeit:    193.000377 s 
Speicherbedarf:     20.009384 MiB
Berechnungsmethode: Gauß-Seidel
Interlines:         200
Stoerfunktion:      f(x,y) = 0
Terminierung:       Hinreichende Genaugkeit
Anzahl Iterationen: 40731
Norm des Fehlers:   3.34933247712e-05

Matrix:
 4.00000000 3.87500000 3.75000000 3.62500000 3.50000000 3.37500000 3.25000000 3.12500000 3.00000000
 3.87500000 2.06834264 1.32084401 1.16711074 1.11993557 1.08482199 1.12740984 1.61012953 2.87500000
 3.75000000 1.32084401 0.34297856 0.18048758 0.16468874 0.16547259 0.27219133 0.97835015 2.75000000
 3.62500000 1.16711074 0.18048758 0.02109002 0.01062865 0.01693033 0.12945449 0.84296011 2.62500000
 3.50000000 1.11993557 0.16468874 0.01062865 0.00082805 0.00717642 0.11501556 0.79704041 2.50000000
 3.37500000 1.08482199 0.16547259 0.01693033 0.00717642 0.01286935 0.11478444 0.76101656 2.37500000
 3.25000000 1.12740984 0.27219133 0.12945449 0.11501556 0.11478444 0.20227188 0.78562692 2.25000000
 3.12500000 1.61012953 0.97835015 0.84296011 0.79704041 0.76101656 0.78562692 1.15218021 2.12500000
 3.00000000 2.87500000 2.75000000 2.62500000 2.50000000 2.37500000 2.25000000 2.12500000 2.00000000
