============================================================
Program for calculation of partial differential equations.  
============================================================
(c) Dr. Thomas Ludwig, TU München.
    Thomas A. Zochler, TU München.
    Andreas C. Schmidt, TU München.
============================================================

Berechnungszeit:    121.571516 s 
Speicherbedarf:     40.018768 MiB
Berechnungsmethode: Jacobi
Interlines:         200
Stoerfunktion:      f(x,y) = 0
Terminierung:       Hinreichende Genaugkeit
Anzahl Iterationen: 41472
Norm des Fehlers:   3.31942616221e-05

Matrix:
 4.00000000 3.87500000 3.75000000 3.62500000 3.50000000 3.37500000 3.25000000 3.12500000 3.00000000
 3.87500000 1.15547499 0.62728138 0.59012065 0.56968402 0.54940534 0.54150765 0.89712502 2.87500000
 3.75000000 0.62728138 0.03921780 0.01911356 0.01835310 0.01777459 0.03137974 0.46143517 2.75000000
 3.62500000 0.59012065 0.01911356 0.00020444 0.00009884 0.00016919 0.01385591 0.42733727 2.62500000
 3.50000000 0.56968402 0.01835310 0.00009884 0.00000028 0.00007063 0.01310938 0.40691716 2.50000000
 3.37500000 0.54940534 0.01777459 0.00016919 0.00007063 0.00013394 0.01251694 0.38662195 2.37500000
 3.25000000 0.54150765 0.03137974 0.01385591 0.01310938 0.01251694 0.02354167 0.37566144 2.25000000
 3.12500000 0.89712502 0.46143517 0.42733727 0.40691716 0.38662195 0.37566144 0.63877505 2.12500000
 3.00000000 2.87500000 2.75000000 2.62500000 2.50000000 2.37500000 2.25000000 2.12500000 2.00000000
============================================================
Program for calculation of partial differential equations.  
============================================================
(c) Dr. Thomas Ludwig, TU München.
    Thomas A. Zochler, TU München.
    Andreas C. Schmidt, TU München.
============================================================

Berechnungszeit:    124.250820 s 
Speicherbedarf:     40.018768 MiB
Berechnungsmethode: Jacobi
Interlines:         200
Stoerfunktion:      f(x,y) = 0
Terminierung:       Hinreichende Genaugkeit
Anzahl Iterationen: 41472
Norm des Fehlers:   3.31942616221e-05

Matrix:
 4.00000000 3.87500000 3.75000000 3.62500000 3.50000000 3.37500000 3.25000000 3.12500000 3.00000000
 3.87500000 1.15547499 0.62728138 0.59012065 0.56968402 0.54940534 0.54150765 0.89712502 2.87500000
 3.75000000 0.62728138 0.03921780 0.01911356 0.01835310 0.01777459 0.03137974 0.46143517 2.75000000
 3.62500000 0.59012065 0.01911356 0.00020444 0.00009884 0.00016919 0.01385591 0.42733727 2.62500000
 3.50000000 0.56968402 0.01835310 0.00009884 0.00000028 0.00007063 0.01310938 0.40691716 2.50000000
 3.37500000 0.54940534 0.01777459 0.00016919 0.00007063 0.00013394 0.01251694 0.38662195 2.37500000
 3.25000000 0.54150765 0.03137974 0.01385591 0.01310938 0.01251694 0.02354167 0.37566144 2.25000000
 3.12500000 0.89712502 0.46143517 0.42733727 0.40691716 0.38662195 0.37566144 0.63877505 2.12500000
 3.00000000 2.87500000 2.75000000 2.62500000 2.50000000 2.37500000 2.25000000 2.12500000 2.00000000
============================================================
Program for calculation of partial differential equations.  
============================================================
(c) Dr. Thomas Ludwig, TU München.
    Thomas A. Zochler, TU München.
    Andreas C. Schmidt, TU München.
============================================================

Berechnungszeit:    123.421469 s 
Speicherbedarf:     40.018768 MiB
Berechnungsmethode: Jacobi
Interlines:         200
Stoerfunktion:      f(x,y) = 0
Terminierung:       Hinreichende Genaugkeit
Anzahl Iterationen: 41472
Norm des Fehlers:   3.31942616221e-05

Matrix:
 4.00000000 3.87500000 3.75000000 3.62500000 3.50000000 3.37500000 3.25000000 3.12500000 3.00000000
 3.87500000 1.15547499 0.62728138 0.59012065 0.56968402 0.54940534 0.54150765 0.89712502 2.87500000
 3.75000000 0.62728138 0.03921780 0.01911356 0.01835310 0.01777459 0.03137974 0.46143517 2.75000000
 3.62500000 0.59012065 0.01911356 0.00020444 0.00009884 0.00016919 0.01385591 0.42733727 2.62500000
 3.50000000 0.56968402 0.01835310 0.00009884 0.00000028 0.00007063 0.01310938 0.40691716 2.50000000
 3.37500000 0.54940534 0.01777459 0.00016919 0.00007063 0.00013394 0.01251694 0.38662195 2.37500000
 3.25000000 0.54150765 0.03137974 0.01385591 0.01310938 0.01251694 0.02354167 0.37566144 2.25000000
 3.12500000 0.89712502 0.46143517 0.42733727 0.40691716 0.38662195 0.37566144 0.63877505 2.12500000
 3.00000000 2.87500000 2.75000000 2.62500000 2.50000000 2.37500000 2.25000000 2.12500000 2.00000000
