============================================================
Program for calculation of partial differential equations.  
============================================================
(c) Dr. Thomas Ludwig, TU München.
    Thomas A. Zochler, TU München.
    Andreas C. Schmidt, TU München.
============================================================

Berechnungszeit:    49.522065 s 
Speicherbedarf:     1885.479126 MiB
Berechnungsmethode: Gauß-Seidel
Interlines:         1920
Stoerfunktion:      f(x,y) = 2pi^2*sin(pi*x)sin(pi*y)
Terminierung:       Anzahl der Iterationen
Anzahl Iterationen: 500
Norm des Fehlers:   4.17884215648e-08

Matrix:
 0.00000000 0.00000000 0.00000000 0.00000000 0.00000000 0.00000000 0.00000000 0.00000000 0.00000000
 0.00000000 0.00000306 0.00000565 0.00000739 0.00000799 0.00000739 0.00000565 0.00000306 0.00000000
 0.00000000 0.00000565 0.00001045 0.00001365 0.00001477 0.00001365 0.00001045 0.00000565 0.00000000
 0.00000000 0.00000739 0.00001365 0.00001783 0.00001930 0.00001783 0.00001365 0.00000739 0.00000000
 0.00000000 0.00000799 0.00001477 0.00001930 0.00002089 0.00001930 0.00001478 0.00000800 0.00000000
 0.00000000 0.00000739 0.00001365 0.00001783 0.00001930 0.00001784 0.00001365 0.00000739 0.00000000
 0.00000000 0.00000565 0.00001045 0.00001365 0.00001478 0.00001365 0.00001045 0.00000566 0.00000000
 0.00000000 0.00000306 0.00000565 0.00000739 0.00000800 0.00000739 0.00000566 0.00000306 0.00000000
 0.00000000 0.00000000 0.00000000 0.00000000 0.00000000 0.00000000 0.00000000 0.00000000 0.00000000
============================================================
Program for calculation of partial differential equations.  
============================================================
(c) Dr. Thomas Ludwig, TU München.
    Thomas A. Zochler, TU München.
    Andreas C. Schmidt, TU München.
============================================================

Berechnungszeit:    50.503658 s 
Speicherbedarf:     1885.479126 MiB
Berechnungsmethode: Gauß-Seidel
Interlines:         1920
Stoerfunktion:      f(x,y) = 2pi^2*sin(pi*x)sin(pi*y)
Terminierung:       Anzahl der Iterationen
Anzahl Iterationen: 500
Norm des Fehlers:   4.17884215648e-08

Matrix:
 0.00000000 0.00000000 0.00000000 0.00000000 0.00000000 0.00000000 0.00000000 0.00000000 0.00000000
 0.00000000 0.00000306 0.00000565 0.00000739 0.00000799 0.00000739 0.00000565 0.00000306 0.00000000
 0.00000000 0.00000565 0.00001045 0.00001365 0.00001477 0.00001365 0.00001045 0.00000565 0.00000000
 0.00000000 0.00000739 0.00001365 0.00001783 0.00001930 0.00001783 0.00001365 0.00000739 0.00000000
 0.00000000 0.00000799 0.00001477 0.00001930 0.00002089 0.00001930 0.00001478 0.00000800 0.00000000
 0.00000000 0.00000739 0.00001365 0.00001783 0.00001930 0.00001784 0.00001365 0.00000739 0.00000000
 0.00000000 0.00000565 0.00001045 0.00001365 0.00001478 0.00001365 0.00001045 0.00000566 0.00000000
 0.00000000 0.00000306 0.00000565 0.00000739 0.00000800 0.00000739 0.00000566 0.00000306 0.00000000
 0.00000000 0.00000000 0.00000000 0.00000000 0.00000000 0.00000000 0.00000000 0.00000000 0.00000000
============================================================
Program for calculation of partial differential equations.  
============================================================
(c) Dr. Thomas Ludwig, TU München.
    Thomas A. Zochler, TU München.
    Andreas C. Schmidt, TU München.
============================================================

Berechnungszeit:    49.024815 s 
Speicherbedarf:     1885.479126 MiB
Berechnungsmethode: Gauß-Seidel
Interlines:         1920
Stoerfunktion:      f(x,y) = 2pi^2*sin(pi*x)sin(pi*y)
Terminierung:       Anzahl der Iterationen
Anzahl Iterationen: 500
Norm des Fehlers:   4.17884215648e-08

Matrix:
 0.00000000 0.00000000 0.00000000 0.00000000 0.00000000 0.00000000 0.00000000 0.00000000 0.00000000
 0.00000000 0.00000306 0.00000565 0.00000739 0.00000799 0.00000739 0.00000565 0.00000306 0.00000000
 0.00000000 0.00000565 0.00001045 0.00001365 0.00001477 0.00001365 0.00001045 0.00000565 0.00000000
 0.00000000 0.00000739 0.00001365 0.00001783 0.00001930 0.00001783 0.00001365 0.00000739 0.00000000
 0.00000000 0.00000799 0.00001477 0.00001930 0.00002089 0.00001930 0.00001478 0.00000800 0.00000000
 0.00000000 0.00000739 0.00001365 0.00001783 0.00001930 0.00001784 0.00001365 0.00000739 0.00000000
 0.00000000 0.00000565 0.00001045 0.00001365 0.00001478 0.00001365 0.00001045 0.00000566 0.00000000
 0.00000000 0.00000306 0.00000565 0.00000739 0.00000800 0.00000739 0.00000566 0.00000306 0.00000000
 0.00000000 0.00000000 0.00000000 0.00000000 0.00000000 0.00000000 0.00000000 0.00000000 0.00000000
