============================================================
Program for calculation of partial differential equations.  
============================================================
(c) Dr. Thomas Ludwig, TU München.
    Thomas A. Zochler, TU München.
    Andreas C. Schmidt, TU München.
============================================================

Berechnungszeit:    63.973938 s 
Speicherbedarf:     3635.879150 MiB
Berechnungsmethode: Jacobi
Interlines:         1920
Stoerfunktion:      f(x,y) = 2pi^2*sin(pi*x)sin(pi*y)
Terminierung:       Anzahl der Iterationen
Anzahl Iterationen: 500
Norm des Fehlers:   2.08944295087e-08

Matrix:
 0.00000000 0.00000000 0.00000000 0.00000000 0.00000000 0.00000000 0.00000000 0.00000000 0.00000000
 0.00000000 0.00000153 0.00000283 0.00000369 0.00000400 0.00000369 0.00000283 0.00000153 0.00000000
 0.00000000 0.00000283 0.00000522 0.00000683 0.00000739 0.00000683 0.00000522 0.00000283 0.00000000
 0.00000000 0.00000369 0.00000683 0.00000892 0.00000965 0.00000892 0.00000683 0.00000369 0.00000000
 0.00000000 0.00000400 0.00000739 0.00000965 0.00001045 0.00000965 0.00000739 0.00000400 0.00000000
 0.00000000 0.00000369 0.00000683 0.00000892 0.00000965 0.00000892 0.00000683 0.00000369 0.00000000
 0.00000000 0.00000283 0.00000522 0.00000683 0.00000739 0.00000683 0.00000522 0.00000283 0.00000000
 0.00000000 0.00000153 0.00000283 0.00000369 0.00000400 0.00000369 0.00000283 0.00000153 0.00000000
 0.00000000 0.00000000 0.00000000 0.00000000 0.00000000 0.00000000 0.00000000 0.00000000 0.00000000
============================================================
Program for calculation of partial differential equations.  
============================================================
(c) Dr. Thomas Ludwig, TU München.
    Thomas A. Zochler, TU München.
    Andreas C. Schmidt, TU München.
============================================================

Berechnungszeit:    63.878812 s 
Speicherbedarf:     3635.879150 MiB
Berechnungsmethode: Jacobi
Interlines:         1920
Stoerfunktion:      f(x,y) = 2pi^2*sin(pi*x)sin(pi*y)
Terminierung:       Anzahl der Iterationen
Anzahl Iterationen: 500
Norm des Fehlers:   2.08944295087e-08

Matrix:
 0.00000000 0.00000000 0.00000000 0.00000000 0.00000000 0.00000000 0.00000000 0.00000000 0.00000000
 0.00000000 0.00000153 0.00000283 0.00000369 0.00000400 0.00000369 0.00000283 0.00000153 0.00000000
 0.00000000 0.00000283 0.00000522 0.00000683 0.00000739 0.00000683 0.00000522 0.00000283 0.00000000
 0.00000000 0.00000369 0.00000683 0.00000892 0.00000965 0.00000892 0.00000683 0.00000369 0.00000000
 0.00000000 0.00000400 0.00000739 0.00000965 0.00001045 0.00000965 0.00000739 0.00000400 0.00000000
 0.00000000 0.00000369 0.00000683 0.00000892 0.00000965 0.00000892 0.00000683 0.00000369 0.00000000
 0.00000000 0.00000283 0.00000522 0.00000683 0.00000739 0.00000683 0.00000522 0.00000283 0.00000000
 0.00000000 0.00000153 0.00000283 0.00000369 0.00000400 0.00000369 0.00000283 0.00000153 0.00000000
 0.00000000 0.00000000 0.00000000 0.00000000 0.00000000 0.00000000 0.00000000 0.00000000 0.00000000
============================================================
Program for calculation of partial differential equations.  
============================================================
(c) Dr. Thomas Ludwig, TU München.
    Thomas A. Zochler, TU München.
    Andreas C. Schmidt, TU München.
============================================================

Berechnungszeit:    63.350368 s 
Speicherbedarf:     3635.879150 MiB
Berechnungsmethode: Jacobi
Interlines:         1920
Stoerfunktion:      f(x,y) = 2pi^2*sin(pi*x)sin(pi*y)
Terminierung:       Anzahl der Iterationen
Anzahl Iterationen: 500
Norm des Fehlers:   2.08944295087e-08

Matrix:
 0.00000000 0.00000000 0.00000000 0.00000000 0.00000000 0.00000000 0.00000000 0.00000000 0.00000000
 0.00000000 0.00000153 0.00000283 0.00000369 0.00000400 0.00000369 0.00000283 0.00000153 0.00000000
 0.00000000 0.00000283 0.00000522 0.00000683 0.00000739 0.00000683 0.00000522 0.00000283 0.00000000
 0.00000000 0.00000369 0.00000683 0.00000892 0.00000965 0.00000892 0.00000683 0.00000369 0.00000000
 0.00000000 0.00000400 0.00000739 0.00000965 0.00001045 0.00000965 0.00000739 0.00000400 0.00000000
 0.00000000 0.00000369 0.00000683 0.00000892 0.00000965 0.00000892 0.00000683 0.00000369 0.00000000
 0.00000000 0.00000283 0.00000522 0.00000683 0.00000739 0.00000683 0.00000522 0.00000283 0.00000000
 0.00000000 0.00000153 0.00000283 0.00000369 0.00000400 0.00000369 0.00000283 0.00000153 0.00000000
 0.00000000 0.00000000 0.00000000 0.00000000 0.00000000 0.00000000 0.00000000 0.00000000 0.00000000
