============================================================
Program for calculation of partial differential equations.  
============================================================
(c) Dr. Thomas Ludwig, TU München.
    Thomas A. Zochler, TU München.
    Andreas C. Schmidt, TU München.
============================================================

Berechnungszeit:    253.337471 s 
Speicherbedarf:     627.443604 MiB
Berechnungsmethode: Jacobi
Interlines:         800
Stoerfunktion:      f(x,y) = 2pi^2*sin(pi*x)sin(pi*y)
Terminierung:       Anzahl der Iterationen
Anzahl Iterationen: 1000
Norm des Fehlers:   1.20163509301e-07

Matrix:
 0.00000000 0.00000000 0.00000000 0.00000000 0.00000000 0.00000000 0.00000000 0.00000000 0.00000000
 0.00000000 0.00001760 0.00003252 0.00004249 0.00004599 0.00004249 0.00003252 0.00001760 0.00000000
 0.00000000 0.00003252 0.00006009 0.00007851 0.00008497 0.00007851 0.00006009 0.00003252 0.00000000
 0.00000000 0.00004249 0.00007851 0.00010257 0.00011102 0.00010257 0.00007851 0.00004249 0.00000000
 0.00000000 0.00004599 0.00008497 0.00011102 0.00012017 0.00011102 0.00008497 0.00004599 0.00000000
 0.00000000 0.00004249 0.00007851 0.00010257 0.00011102 0.00010257 0.00007851 0.00004249 0.00000000
 0.00000000 0.00003252 0.00006009 0.00007851 0.00008497 0.00007851 0.00006009 0.00003252 0.00000000
 0.00000000 0.00001760 0.00003252 0.00004249 0.00004599 0.00004249 0.00003252 0.00001760 0.00000000
 0.00000000 0.00000000 0.00000000 0.00000000 0.00000000 0.00000000 0.00000000 0.00000000 0.00000000
============================================================
Program for calculation of partial differential equations.  
============================================================
(c) Dr. Thomas Ludwig, TU München.
    Thomas A. Zochler, TU München.
    Andreas C. Schmidt, TU München.
============================================================

Berechnungszeit:    253.593985 s 
Speicherbedarf:     627.443604 MiB
Berechnungsmethode: Jacobi
Interlines:         800
Stoerfunktion:      f(x,y) = 2pi^2*sin(pi*x)sin(pi*y)
Terminierung:       Anzahl der Iterationen
Anzahl Iterationen: 1000
Norm des Fehlers:   1.20163509301e-07

Matrix:
 0.00000000 0.00000000 0.00000000 0.00000000 0.00000000 0.00000000 0.00000000 0.00000000 0.00000000
 0.00000000 0.00001760 0.00003252 0.00004249 0.00004599 0.00004249 0.00003252 0.00001760 0.00000000
 0.00000000 0.00003252 0.00006009 0.00007851 0.00008497 0.00007851 0.00006009 0.00003252 0.00000000
 0.00000000 0.00004249 0.00007851 0.00010257 0.00011102 0.00010257 0.00007851 0.00004249 0.00000000
 0.00000000 0.00004599 0.00008497 0.00011102 0.00012017 0.00011102 0.00008497 0.00004599 0.00000000
 0.00000000 0.00004249 0.00007851 0.00010257 0.00011102 0.00010257 0.00007851 0.00004249 0.00000000
 0.00000000 0.00003252 0.00006009 0.00007851 0.00008497 0.00007851 0.00006009 0.00003252 0.00000000
 0.00000000 0.00001760 0.00003252 0.00004249 0.00004599 0.00004249 0.00003252 0.00001760 0.00000000
 0.00000000 0.00000000 0.00000000 0.00000000 0.00000000 0.00000000 0.00000000 0.00000000 0.00000000
============================================================
Program for calculation of partial differential equations.  
============================================================
(c) Dr. Thomas Ludwig, TU München.
    Thomas A. Zochler, TU München.
    Andreas C. Schmidt, TU München.
============================================================

Berechnungszeit:    253.227641 s 
Speicherbedarf:     627.443604 MiB
Berechnungsmethode: Jacobi
Interlines:         800
Stoerfunktion:      f(x,y) = 2pi^2*sin(pi*x)sin(pi*y)
Terminierung:       Anzahl der Iterationen
Anzahl Iterationen: 1000
Norm des Fehlers:   1.20163509301e-07

Matrix:
 0.00000000 0.00000000 0.00000000 0.00000000 0.00000000 0.00000000 0.00000000 0.00000000 0.00000000
 0.00000000 0.00001760 0.00003252 0.00004249 0.00004599 0.00004249 0.00003252 0.00001760 0.00000000
 0.00000000 0.00003252 0.00006009 0.00007851 0.00008497 0.00007851 0.00006009 0.00003252 0.00000000
 0.00000000 0.00004249 0.00007851 0.00010257 0.00011102 0.00010257 0.00007851 0.00004249 0.00000000
 0.00000000 0.00004599 0.00008497 0.00011102 0.00012017 0.00011102 0.00008497 0.00004599 0.00000000
 0.00000000 0.00004249 0.00007851 0.00010257 0.00011102 0.00010257 0.00007851 0.00004249 0.00000000
 0.00000000 0.00003252 0.00006009 0.00007851 0.00008497 0.00007851 0.00006009 0.00003252 0.00000000
 0.00000000 0.00001760 0.00003252 0.00004249 0.00004599 0.00004249 0.00003252 0.00001760 0.00000000
 0.00000000 0.00000000 0.00000000 0.00000000 0.00000000 0.00000000 0.00000000 0.00000000 0.00000000
