============================================================
Program for calculation of partial differential equations.  
============================================================
(c) Dr. Thomas Ludwig, TU München.
    Thomas A. Zochler, TU München.
    Andreas C. Schmidt, TU München.
============================================================

Berechnungszeit:    256.920644 s 
Speicherbedarf:     3769.037109 MiB
Berechnungsmethode: Jacobi
Interlines:         1960
Stoerfunktion:      f(x,y) = 2pi^2*sin(pi*x)sin(pi*y)
Terminierung:       Anzahl der Iterationen
Anzahl Iterationen: 1000
Norm des Fehlers:   2.00505314864e-08

Matrix:
 0.00000000 0.00000000 0.00000000 0.00000000 0.00000000 0.00000000 0.00000000 0.00000000 0.00000000
 0.00000000 0.00000294 0.00000543 0.00000709 0.00000767 0.00000709 0.00000543 0.00000294 0.00000000
 0.00000000 0.00000543 0.00001003 0.00001310 0.00001418 0.00001310 0.00001003 0.00000543 0.00000000
 0.00000000 0.00000709 0.00001310 0.00001711 0.00001852 0.00001711 0.00001310 0.00000709 0.00000000
 0.00000000 0.00000767 0.00001418 0.00001852 0.00002005 0.00001852 0.00001418 0.00000767 0.00000000
 0.00000000 0.00000709 0.00001310 0.00001711 0.00001852 0.00001711 0.00001310 0.00000709 0.00000000
 0.00000000 0.00000543 0.00001003 0.00001310 0.00001418 0.00001310 0.00001003 0.00000543 0.00000000
 0.00000000 0.00000294 0.00000543 0.00000709 0.00000767 0.00000709 0.00000543 0.00000294 0.00000000
 0.00000000 0.00000000 0.00000000 0.00000000 0.00000000 0.00000000 0.00000000 0.00000000 0.00000000
============================================================
Program for calculation of partial differential equations.  
============================================================
(c) Dr. Thomas Ludwig, TU München.
    Thomas A. Zochler, TU München.
    Andreas C. Schmidt, TU München.
============================================================

Berechnungszeit:    257.416493 s 
Speicherbedarf:     3769.037109 MiB
Berechnungsmethode: Jacobi
Interlines:         1960
Stoerfunktion:      f(x,y) = 2pi^2*sin(pi*x)sin(pi*y)
Terminierung:       Anzahl der Iterationen
Anzahl Iterationen: 1000
Norm des Fehlers:   2.00505314864e-08

Matrix:
 0.00000000 0.00000000 0.00000000 0.00000000 0.00000000 0.00000000 0.00000000 0.00000000 0.00000000
 0.00000000 0.00000294 0.00000543 0.00000709 0.00000767 0.00000709 0.00000543 0.00000294 0.00000000
 0.00000000 0.00000543 0.00001003 0.00001310 0.00001418 0.00001310 0.00001003 0.00000543 0.00000000
 0.00000000 0.00000709 0.00001310 0.00001711 0.00001852 0.00001711 0.00001310 0.00000709 0.00000000
 0.00000000 0.00000767 0.00001418 0.00001852 0.00002005 0.00001852 0.00001418 0.00000767 0.00000000
 0.00000000 0.00000709 0.00001310 0.00001711 0.00001852 0.00001711 0.00001310 0.00000709 0.00000000
 0.00000000 0.00000543 0.00001003 0.00001310 0.00001418 0.00001310 0.00001003 0.00000543 0.00000000
 0.00000000 0.00000294 0.00000543 0.00000709 0.00000767 0.00000709 0.00000543 0.00000294 0.00000000
 0.00000000 0.00000000 0.00000000 0.00000000 0.00000000 0.00000000 0.00000000 0.00000000 0.00000000
============================================================
Program for calculation of partial differential equations.  
============================================================
(c) Dr. Thomas Ludwig, TU München.
    Thomas A. Zochler, TU München.
    Andreas C. Schmidt, TU München.
============================================================

Berechnungszeit:    257.703204 s 
Speicherbedarf:     3769.037109 MiB
Berechnungsmethode: Jacobi
Interlines:         1960
Stoerfunktion:      f(x,y) = 2pi^2*sin(pi*x)sin(pi*y)
Terminierung:       Anzahl der Iterationen
Anzahl Iterationen: 1000
Norm des Fehlers:   2.00505314864e-08

Matrix:
 0.00000000 0.00000000 0.00000000 0.00000000 0.00000000 0.00000000 0.00000000 0.00000000 0.00000000
 0.00000000 0.00000294 0.00000543 0.00000709 0.00000767 0.00000709 0.00000543 0.00000294 0.00000000
 0.00000000 0.00000543 0.00001003 0.00001310 0.00001418 0.00001310 0.00001003 0.00000543 0.00000000
 0.00000000 0.00000709 0.00001310 0.00001711 0.00001852 0.00001711 0.00001310 0.00000709 0.00000000
 0.00000000 0.00000767 0.00001418 0.00001852 0.00002005 0.00001852 0.00001418 0.00000767 0.00000000
 0.00000000 0.00000709 0.00001310 0.00001711 0.00001852 0.00001711 0.00001310 0.00000709 0.00000000
 0.00000000 0.00000543 0.00001003 0.00001310 0.00001418 0.00001310 0.00001003 0.00000543 0.00000000
 0.00000000 0.00000294 0.00000543 0.00000709 0.00000767 0.00000709 0.00000543 0.00000294 0.00000000
 0.00000000 0.00000000 0.00000000 0.00000000 0.00000000 0.00000000 0.00000000 0.00000000 0.00000000
