============================================================
Program for calculation of partial differential equations.  
============================================================
(c) Dr. Thomas Ludwig, TU München.
    Thomas A. Zochler, TU München.
    Andreas C. Schmidt, TU München.
============================================================

Berechnungszeit:    270.514358 s 
Speicherbedarf:     78.565071 MiB
Berechnungsmethode: Gauß-Seidel
Interlines:         400
Stoerfunktion:      f(x,y) = 2pi^2*sin(pi*x)sin(pi*y)
Terminierung:       Anzahl der Iterationen
Anzahl Iterationen: 1000
Norm des Fehlers:   9.58108131993e-07

Matrix:
 0.00000000 0.00000000 0.00000000 0.00000000 0.00000000 0.00000000 0.00000000 0.00000000 0.00000000
 0.00000000 0.00014005 0.00025895 0.00033844 0.00036639 0.00033857 0.00025921 0.00014038 0.00000000
 0.00000000 0.00025895 0.00047881 0.00062578 0.00067748 0.00062603 0.00047928 0.00025957 0.00000000
 0.00000000 0.00033844 0.00062578 0.00081786 0.00088542 0.00081819 0.00062639 0.00033924 0.00000000
 0.00000000 0.00036639 0.00067748 0.00088542 0.00095857 0.00088578 0.00067814 0.00036726 0.00000000
 0.00000000 0.00033857 0.00062603 0.00081819 0.00088578 0.00081852 0.00062665 0.00033937 0.00000000
 0.00000000 0.00025921 0.00047928 0.00062639 0.00067814 0.00062665 0.00047975 0.00025982 0.00000000
 0.00000000 0.00014038 0.00025957 0.00033924 0.00036726 0.00033937 0.00025982 0.00014071 0.00000000
 0.00000000 0.00000000 0.00000000 0.00000000 0.00000000 0.00000000 0.00000000 0.00000000 0.00000000
============================================================
Program for calculation of partial differential equations.  
============================================================
(c) Dr. Thomas Ludwig, TU München.
    Thomas A. Zochler, TU München.
    Andreas C. Schmidt, TU München.
============================================================

Berechnungszeit:    270.586983 s 
Speicherbedarf:     78.565071 MiB
Berechnungsmethode: Gauß-Seidel
Interlines:         400
Stoerfunktion:      f(x,y) = 2pi^2*sin(pi*x)sin(pi*y)
Terminierung:       Anzahl der Iterationen
Anzahl Iterationen: 1000
Norm des Fehlers:   9.58108131993e-07

Matrix:
 0.00000000 0.00000000 0.00000000 0.00000000 0.00000000 0.00000000 0.00000000 0.00000000 0.00000000
 0.00000000 0.00014005 0.00025895 0.00033844 0.00036639 0.00033857 0.00025921 0.00014038 0.00000000
 0.00000000 0.00025895 0.00047881 0.00062578 0.00067748 0.00062603 0.00047928 0.00025957 0.00000000
 0.00000000 0.00033844 0.00062578 0.00081786 0.00088542 0.00081819 0.00062639 0.00033924 0.00000000
 0.00000000 0.00036639 0.00067748 0.00088542 0.00095857 0.00088578 0.00067814 0.00036726 0.00000000
 0.00000000 0.00033857 0.00062603 0.00081819 0.00088578 0.00081852 0.00062665 0.00033937 0.00000000
 0.00000000 0.00025921 0.00047928 0.00062639 0.00067814 0.00062665 0.00047975 0.00025982 0.00000000
 0.00000000 0.00014038 0.00025957 0.00033924 0.00036726 0.00033937 0.00025982 0.00014071 0.00000000
 0.00000000 0.00000000 0.00000000 0.00000000 0.00000000 0.00000000 0.00000000 0.00000000 0.00000000
============================================================
Program for calculation of partial differential equations.  
============================================================
(c) Dr. Thomas Ludwig, TU München.
    Thomas A. Zochler, TU München.
    Andreas C. Schmidt, TU München.
============================================================

Berechnungszeit:    270.487099 s 
Speicherbedarf:     78.565071 MiB
Berechnungsmethode: Gauß-Seidel
Interlines:         400
Stoerfunktion:      f(x,y) = 2pi^2*sin(pi*x)sin(pi*y)
Terminierung:       Anzahl der Iterationen
Anzahl Iterationen: 1000
Norm des Fehlers:   9.58108131993e-07

Matrix:
 0.00000000 0.00000000 0.00000000 0.00000000 0.00000000 0.00000000 0.00000000 0.00000000 0.00000000
 0.00000000 0.00014005 0.00025895 0.00033844 0.00036639 0.00033857 0.00025921 0.00014038 0.00000000
 0.00000000 0.00025895 0.00047881 0.00062578 0.00067748 0.00062603 0.00047928 0.00025957 0.00000000
 0.00000000 0.00033844 0.00062578 0.00081786 0.00088542 0.00081819 0.00062639 0.00033924 0.00000000
 0.00000000 0.00036639 0.00067748 0.00088542 0.00095857 0.00088578 0.00067814 0.00036726 0.00000000
 0.00000000 0.00033857 0.00062603 0.00081819 0.00088578 0.00081852 0.00062665 0.00033937 0.00000000
 0.00000000 0.00025921 0.00047928 0.00062639 0.00067814 0.00062665 0.00047975 0.00025982 0.00000000
 0.00000000 0.00014038 0.00025957 0.00033924 0.00036726 0.00033937 0.00025982 0.00014071 0.00000000
 0.00000000 0.00000000 0.00000000 0.00000000 0.00000000 0.00000000 0.00000000 0.00000000 0.00000000
