============================================================
Program for calculation of partial differential equations.  
============================================================
(c) Dr. Thomas Ludwig, TU München.
    Thomas A. Zochler, TU München.
    Andreas C. Schmidt, TU München.
============================================================

Berechnungszeit:    520.607506 s 
Speicherbedarf:     1884.518555 MiB
Berechnungsmethode: Gauß-Seidel
Interlines:         1960
Stoerfunktion:      f(x,y) = 2pi^2*sin(pi*x)sin(pi*y)
Terminierung:       Anzahl der Iterationen
Anzahl Iterationen: 1000
Norm des Fehlers:   4.01002581131e-08

Matrix:
 0.00000000 0.00000000 0.00000000 0.00000000 0.00000000 0.00000000 0.00000000 0.00000000 0.00000000
 0.00000000 0.00000587 0.00001085 0.00001417 0.00001534 0.00001418 0.00001085 0.00000587 0.00000000
 0.00000000 0.00001085 0.00002005 0.00002619 0.00002835 0.00002620 0.00002005 0.00001085 0.00000000
 0.00000000 0.00001417 0.00002619 0.00003423 0.00003705 0.00003423 0.00002620 0.00001418 0.00000000
 0.00000000 0.00001534 0.00002835 0.00003705 0.00004010 0.00003705 0.00002836 0.00001535 0.00000000
 0.00000000 0.00001418 0.00002620 0.00003423 0.00003705 0.00003423 0.00002620 0.00001418 0.00000000
 0.00000000 0.00001085 0.00002005 0.00002620 0.00002836 0.00002620 0.00002005 0.00001085 0.00000000
 0.00000000 0.00000587 0.00001085 0.00001418 0.00001535 0.00001418 0.00001085 0.00000588 0.00000000
 0.00000000 0.00000000 0.00000000 0.00000000 0.00000000 0.00000000 0.00000000 0.00000000 0.00000000
============================================================
Program for calculation of partial differential equations.  
============================================================
(c) Dr. Thomas Ludwig, TU München.
    Thomas A. Zochler, TU München.
    Andreas C. Schmidt, TU München.
============================================================

Berechnungszeit:    520.602317 s 
Speicherbedarf:     1884.518555 MiB
Berechnungsmethode: Gauß-Seidel
Interlines:         1960
Stoerfunktion:      f(x,y) = 2pi^2*sin(pi*x)sin(pi*y)
Terminierung:       Anzahl der Iterationen
Anzahl Iterationen: 1000
Norm des Fehlers:   4.01002581131e-08

Matrix:
 0.00000000 0.00000000 0.00000000 0.00000000 0.00000000 0.00000000 0.00000000 0.00000000 0.00000000
 0.00000000 0.00000587 0.00001085 0.00001417 0.00001534 0.00001418 0.00001085 0.00000587 0.00000000
 0.00000000 0.00001085 0.00002005 0.00002619 0.00002835 0.00002620 0.00002005 0.00001085 0.00000000
 0.00000000 0.00001417 0.00002619 0.00003423 0.00003705 0.00003423 0.00002620 0.00001418 0.00000000
 0.00000000 0.00001534 0.00002835 0.00003705 0.00004010 0.00003705 0.00002836 0.00001535 0.00000000
 0.00000000 0.00001418 0.00002620 0.00003423 0.00003705 0.00003423 0.00002620 0.00001418 0.00000000
 0.00000000 0.00001085 0.00002005 0.00002620 0.00002836 0.00002620 0.00002005 0.00001085 0.00000000
 0.00000000 0.00000587 0.00001085 0.00001418 0.00001535 0.00001418 0.00001085 0.00000588 0.00000000
 0.00000000 0.00000000 0.00000000 0.00000000 0.00000000 0.00000000 0.00000000 0.00000000 0.00000000
============================================================
Program for calculation of partial differential equations.  
============================================================
(c) Dr. Thomas Ludwig, TU München.
    Thomas A. Zochler, TU München.
    Andreas C. Schmidt, TU München.
============================================================

Berechnungszeit:    520.573891 s 
Speicherbedarf:     1884.518555 MiB
Berechnungsmethode: Gauß-Seidel
Interlines:         1960
Stoerfunktion:      f(x,y) = 2pi^2*sin(pi*x)sin(pi*y)
Terminierung:       Anzahl der Iterationen
Anzahl Iterationen: 1000
Norm des Fehlers:   4.01002581131e-08

Matrix:
 0.00000000 0.00000000 0.00000000 0.00000000 0.00000000 0.00000000 0.00000000 0.00000000 0.00000000
 0.00000000 0.00000587 0.00001085 0.00001417 0.00001534 0.00001418 0.00001085 0.00000587 0.00000000
 0.00000000 0.00001085 0.00002005 0.00002619 0.00002835 0.00002620 0.00002005 0.00001085 0.00000000
 0.00000000 0.00001417 0.00002619 0.00003423 0.00003705 0.00003423 0.00002620 0.00001418 0.00000000
 0.00000000 0.00001534 0.00002835 0.00003705 0.00004010 0.00003705 0.00002836 0.00001535 0.00000000
 0.00000000 0.00001418 0.00002620 0.00003423 0.00003705 0.00003423 0.00002620 0.00001418 0.00000000
 0.00000000 0.00001085 0.00002005 0.00002620 0.00002836 0.00002620 0.00002005 0.00001085 0.00000000
 0.00000000 0.00000587 0.00001085 0.00001418 0.00001535 0.00001418 0.00001085 0.00000588 0.00000000
 0.00000000 0.00000000 0.00000000 0.00000000 0.00000000 0.00000000 0.00000000 0.00000000 0.00000000
