============================================================
Program for calculation of partial differential equations.  
============================================================
(c) Dr. Thomas Ludwig, TU München.
    Thomas A. Zochler, TU München.
    Andreas C. Schmidt, TU München.
============================================================

Berechnungszeit:    517.730912 s 
Speicherbedarf:     1255.569702 MiB
Berechnungsmethode: Gauß-Seidel
Interlines:         1600
Stoerfunktion:      f(x,y) = 2pi^2*sin(pi*x)sin(pi*y)
Terminierung:       Anzahl der Iterationen
Anzahl Iterationen: 1000
Norm des Fehlers:   6.01604364984e-08

Matrix:
 0.00000000 0.00000000 0.00000000 0.00000000 0.00000000 0.00000000 0.00000000 0.00000000 0.00000000
 0.00000000 0.00000881 0.00001627 0.00002126 0.00002302 0.00002127 0.00001628 0.00000881 0.00000000
 0.00000000 0.00001627 0.00003007 0.00003930 0.00004254 0.00003930 0.00003008 0.00001628 0.00000000
 0.00000000 0.00002126 0.00003930 0.00005135 0.00005558 0.00005135 0.00003931 0.00002128 0.00000000
 0.00000000 0.00002302 0.00004254 0.00005558 0.00006016 0.00005559 0.00004255 0.00002303 0.00000000
 0.00000000 0.00002127 0.00003930 0.00005135 0.00005559 0.00005136 0.00003931 0.00002128 0.00000000
 0.00000000 0.00001628 0.00003008 0.00003931 0.00004255 0.00003931 0.00003009 0.00001629 0.00000000
 0.00000000 0.00000881 0.00001628 0.00002128 0.00002303 0.00002128 0.00001629 0.00000882 0.00000000
 0.00000000 0.00000000 0.00000000 0.00000000 0.00000000 0.00000000 0.00000000 0.00000000 0.00000000
============================================================
Program for calculation of partial differential equations.  
============================================================
(c) Dr. Thomas Ludwig, TU München.
    Thomas A. Zochler, TU München.
    Andreas C. Schmidt, TU München.
============================================================

Berechnungszeit:    520.195221 s 
Speicherbedarf:     1255.569702 MiB
Berechnungsmethode: Gauß-Seidel
Interlines:         1600
Stoerfunktion:      f(x,y) = 2pi^2*sin(pi*x)sin(pi*y)
Terminierung:       Anzahl der Iterationen
Anzahl Iterationen: 1000
Norm des Fehlers:   6.01604364984e-08

Matrix:
 0.00000000 0.00000000 0.00000000 0.00000000 0.00000000 0.00000000 0.00000000 0.00000000 0.00000000
 0.00000000 0.00000881 0.00001627 0.00002126 0.00002302 0.00002127 0.00001628 0.00000881 0.00000000
 0.00000000 0.00001627 0.00003007 0.00003930 0.00004254 0.00003930 0.00003008 0.00001628 0.00000000
 0.00000000 0.00002126 0.00003930 0.00005135 0.00005558 0.00005135 0.00003931 0.00002128 0.00000000
 0.00000000 0.00002302 0.00004254 0.00005558 0.00006016 0.00005559 0.00004255 0.00002303 0.00000000
 0.00000000 0.00002127 0.00003930 0.00005135 0.00005559 0.00005136 0.00003931 0.00002128 0.00000000
 0.00000000 0.00001628 0.00003008 0.00003931 0.00004255 0.00003931 0.00003009 0.00001629 0.00000000
 0.00000000 0.00000881 0.00001628 0.00002128 0.00002303 0.00002128 0.00001629 0.00000882 0.00000000
 0.00000000 0.00000000 0.00000000 0.00000000 0.00000000 0.00000000 0.00000000 0.00000000 0.00000000
============================================================
Program for calculation of partial differential equations.  
============================================================
(c) Dr. Thomas Ludwig, TU München.
    Thomas A. Zochler, TU München.
    Andreas C. Schmidt, TU München.
============================================================

Berechnungszeit:    517.615095 s 
Speicherbedarf:     1255.569702 MiB
Berechnungsmethode: Gauß-Seidel
Interlines:         1600
Stoerfunktion:      f(x,y) = 2pi^2*sin(pi*x)sin(pi*y)
Terminierung:       Anzahl der Iterationen
Anzahl Iterationen: 1000
Norm des Fehlers:   6.01604364984e-08

Matrix:
 0.00000000 0.00000000 0.00000000 0.00000000 0.00000000 0.00000000 0.00000000 0.00000000 0.00000000
 0.00000000 0.00000881 0.00001627 0.00002126 0.00002302 0.00002127 0.00001628 0.00000881 0.00000000
 0.00000000 0.00001627 0.00003007 0.00003930 0.00004254 0.00003930 0.00003008 0.00001628 0.00000000
 0.00000000 0.00002126 0.00003930 0.00005135 0.00005558 0.00005135 0.00003931 0.00002128 0.00000000
 0.00000000 0.00002302 0.00004254 0.00005558 0.00006016 0.00005559 0.00004255 0.00002303 0.00000000
 0.00000000 0.00002127 0.00003930 0.00005135 0.00005559 0.00005136 0.00003931 0.00002128 0.00000000
 0.00000000 0.00001628 0.00003008 0.00003931 0.00004255 0.00003931 0.00003009 0.00001629 0.00000000
 0.00000000 0.00000881 0.00001628 0.00002128 0.00002303 0.00002128 0.00001629 0.00000882 0.00000000
 0.00000000 0.00000000 0.00000000 0.00000000 0.00000000 0.00000000 0.00000000 0.00000000 0.00000000
