============================================================
Program for calculation of partial differential equations.  
============================================================
(c) Dr. Thomas Ludwig, TU München.
    Thomas A. Zochler, TU München.
    Andreas C. Schmidt, TU München.
============================================================

Berechnungszeit:    254.575830 s 
Speicherbedarf:     156.044037 MiB
Berechnungsmethode: Gauß-Seidel
Interlines:         564
Stoerfunktion:      f(x,y) = 2pi^2*sin(pi*x)sin(pi*y)
Terminierung:       Anzahl der Iterationen
Anzahl Iterationen: 1000
Norm des Fehlers:   4.82850933150e-07

Matrix:
 0.00000000 0.00000000 0.00000000 0.00000000 0.00000000 0.00000000 0.00000000 0.00000000 0.00000000
 0.00000000 0.00007061 0.00013054 0.00017059 0.00018467 0.00017064 0.00013063 0.00007073 0.00000000
 0.00000000 0.00013054 0.00024132 0.00031536 0.00034139 0.00031545 0.00024148 0.00013075 0.00000000
 0.00000000 0.00017059 0.00031536 0.00041212 0.00044614 0.00041224 0.00031558 0.00017087 0.00000000
 0.00000000 0.00018467 0.00034139 0.00044614 0.00048297 0.00044627 0.00034163 0.00018498 0.00000000
 0.00000000 0.00017064 0.00031545 0.00041224 0.00044627 0.00041236 0.00031567 0.00017092 0.00000000
 0.00000000 0.00013063 0.00024148 0.00031558 0.00034163 0.00031567 0.00024165 0.00013085 0.00000000
 0.00000000 0.00007073 0.00013075 0.00017087 0.00018498 0.00017092 0.00013085 0.00007085 0.00000000
 0.00000000 0.00000000 0.00000000 0.00000000 0.00000000 0.00000000 0.00000000 0.00000000 0.00000000
============================================================
Program for calculation of partial differential equations.  
============================================================
(c) Dr. Thomas Ludwig, TU München.
    Thomas A. Zochler, TU München.
    Andreas C. Schmidt, TU München.
============================================================

Berechnungszeit:    254.457189 s 
Speicherbedarf:     156.044037 MiB
Berechnungsmethode: Gauß-Seidel
Interlines:         564
Stoerfunktion:      f(x,y) = 2pi^2*sin(pi*x)sin(pi*y)
Terminierung:       Anzahl der Iterationen
Anzahl Iterationen: 1000
Norm des Fehlers:   4.82850933150e-07

Matrix:
 0.00000000 0.00000000 0.00000000 0.00000000 0.00000000 0.00000000 0.00000000 0.00000000 0.00000000
 0.00000000 0.00007061 0.00013054 0.00017059 0.00018467 0.00017064 0.00013063 0.00007073 0.00000000
 0.00000000 0.00013054 0.00024132 0.00031536 0.00034139 0.00031545 0.00024148 0.00013075 0.00000000
 0.00000000 0.00017059 0.00031536 0.00041212 0.00044614 0.00041224 0.00031558 0.00017087 0.00000000
 0.00000000 0.00018467 0.00034139 0.00044614 0.00048297 0.00044627 0.00034163 0.00018498 0.00000000
 0.00000000 0.00017064 0.00031545 0.00041224 0.00044627 0.00041236 0.00031567 0.00017092 0.00000000
 0.00000000 0.00013063 0.00024148 0.00031558 0.00034163 0.00031567 0.00024165 0.00013085 0.00000000
 0.00000000 0.00007073 0.00013075 0.00017087 0.00018498 0.00017092 0.00013085 0.00007085 0.00000000
 0.00000000 0.00000000 0.00000000 0.00000000 0.00000000 0.00000000 0.00000000 0.00000000 0.00000000
============================================================
Program for calculation of partial differential equations.  
============================================================
(c) Dr. Thomas Ludwig, TU München.
    Thomas A. Zochler, TU München.
    Andreas C. Schmidt, TU München.
============================================================

Berechnungszeit:    254.472002 s 
Speicherbedarf:     156.044037 MiB
Berechnungsmethode: Gauß-Seidel
Interlines:         564
Stoerfunktion:      f(x,y) = 2pi^2*sin(pi*x)sin(pi*y)
Terminierung:       Anzahl der Iterationen
Anzahl Iterationen: 1000
Norm des Fehlers:   4.82850933150e-07

Matrix:
 0.00000000 0.00000000 0.00000000 0.00000000 0.00000000 0.00000000 0.00000000 0.00000000 0.00000000
 0.00000000 0.00007061 0.00013054 0.00017059 0.00018467 0.00017064 0.00013063 0.00007073 0.00000000
 0.00000000 0.00013054 0.00024132 0.00031536 0.00034139 0.00031545 0.00024148 0.00013075 0.00000000
 0.00000000 0.00017059 0.00031536 0.00041212 0.00044614 0.00041224 0.00031558 0.00017087 0.00000000
 0.00000000 0.00018467 0.00034139 0.00044614 0.00048297 0.00044627 0.00034163 0.00018498 0.00000000
 0.00000000 0.00017064 0.00031545 0.00041224 0.00044627 0.00041236 0.00031567 0.00017092 0.00000000
 0.00000000 0.00013063 0.00024148 0.00031558 0.00034163 0.00031567 0.00024165 0.00013085 0.00000000
 0.00000000 0.00007073 0.00013075 0.00017087 0.00018498 0.00017092 0.00013085 0.00007085 0.00000000
 0.00000000 0.00000000 0.00000000 0.00000000 0.00000000 0.00000000 0.00000000 0.00000000 0.00000000
