============================================================
Program for calculation of partial differential equations.  
============================================================
(c) Dr. Thomas Ludwig, TU München.
    Thomas A. Zochler, TU München.
    Andreas C. Schmidt, TU München.
============================================================

Berechnungszeit:    253.315654 s 
Speicherbedarf:     1247.109741 MiB
Berechnungsmethode: Jacobi
Interlines:         1128
Stoerfunktion:      f(x,y) = 2pi^2*sin(pi*x)sin(pi*y)
Terminierung:       Anzahl der Iterationen
Anzahl Iterationen: 1000
Norm des Fehlers:   6.04888943889e-08

Matrix:
 0.00000000 0.00000000 0.00000000 0.00000000 0.00000000 0.00000000 0.00000000 0.00000000 0.00000000
 0.00000000 0.00000886 0.00001637 0.00002139 0.00002315 0.00002139 0.00001637 0.00000886 0.00000000
 0.00000000 0.00001637 0.00003025 0.00003952 0.00004277 0.00003952 0.00003025 0.00001637 0.00000000
 0.00000000 0.00002139 0.00003952 0.00005163 0.00005589 0.00005163 0.00003952 0.00002139 0.00000000
 0.00000000 0.00002315 0.00004277 0.00005589 0.00006049 0.00005589 0.00004277 0.00002315 0.00000000
 0.00000000 0.00002139 0.00003952 0.00005163 0.00005589 0.00005163 0.00003952 0.00002139 0.00000000
 0.00000000 0.00001637 0.00003025 0.00003952 0.00004277 0.00003952 0.00003025 0.00001637 0.00000000
 0.00000000 0.00000886 0.00001637 0.00002139 0.00002315 0.00002139 0.00001637 0.00000886 0.00000000
 0.00000000 0.00000000 0.00000000 0.00000000 0.00000000 0.00000000 0.00000000 0.00000000 0.00000000
============================================================
Program for calculation of partial differential equations.  
============================================================
(c) Dr. Thomas Ludwig, TU München.
    Thomas A. Zochler, TU München.
    Andreas C. Schmidt, TU München.
============================================================

Berechnungszeit:    257.095777 s 
Speicherbedarf:     1247.109741 MiB
Berechnungsmethode: Jacobi
Interlines:         1128
Stoerfunktion:      f(x,y) = 2pi^2*sin(pi*x)sin(pi*y)
Terminierung:       Anzahl der Iterationen
Anzahl Iterationen: 1000
Norm des Fehlers:   6.04888943889e-08

Matrix:
 0.00000000 0.00000000 0.00000000 0.00000000 0.00000000 0.00000000 0.00000000 0.00000000 0.00000000
 0.00000000 0.00000886 0.00001637 0.00002139 0.00002315 0.00002139 0.00001637 0.00000886 0.00000000
 0.00000000 0.00001637 0.00003025 0.00003952 0.00004277 0.00003952 0.00003025 0.00001637 0.00000000
 0.00000000 0.00002139 0.00003952 0.00005163 0.00005589 0.00005163 0.00003952 0.00002139 0.00000000
 0.00000000 0.00002315 0.00004277 0.00005589 0.00006049 0.00005589 0.00004277 0.00002315 0.00000000
 0.00000000 0.00002139 0.00003952 0.00005163 0.00005589 0.00005163 0.00003952 0.00002139 0.00000000
 0.00000000 0.00001637 0.00003025 0.00003952 0.00004277 0.00003952 0.00003025 0.00001637 0.00000000
 0.00000000 0.00000886 0.00001637 0.00002139 0.00002315 0.00002139 0.00001637 0.00000886 0.00000000
 0.00000000 0.00000000 0.00000000 0.00000000 0.00000000 0.00000000 0.00000000 0.00000000 0.00000000
============================================================
Program for calculation of partial differential equations.  
============================================================
(c) Dr. Thomas Ludwig, TU München.
    Thomas A. Zochler, TU München.
    Andreas C. Schmidt, TU München.
============================================================

Berechnungszeit:    253.099294 s 
Speicherbedarf:     1247.109741 MiB
Berechnungsmethode: Jacobi
Interlines:         1128
Stoerfunktion:      f(x,y) = 2pi^2*sin(pi*x)sin(pi*y)
Terminierung:       Anzahl der Iterationen
Anzahl Iterationen: 1000
Norm des Fehlers:   6.04888943889e-08

Matrix:
 0.00000000 0.00000000 0.00000000 0.00000000 0.00000000 0.00000000 0.00000000 0.00000000 0.00000000
 0.00000000 0.00000886 0.00001637 0.00002139 0.00002315 0.00002139 0.00001637 0.00000886 0.00000000
 0.00000000 0.00001637 0.00003025 0.00003952 0.00004277 0.00003952 0.00003025 0.00001637 0.00000000
 0.00000000 0.00002139 0.00003952 0.00005163 0.00005589 0.00005163 0.00003952 0.00002139 0.00000000
 0.00000000 0.00002315 0.00004277 0.00005589 0.00006049 0.00005589 0.00004277 0.00002315 0.00000000
 0.00000000 0.00002139 0.00003952 0.00005163 0.00005589 0.00005163 0.00003952 0.00002139 0.00000000
 0.00000000 0.00001637 0.00003025 0.00003952 0.00004277 0.00003952 0.00003025 0.00001637 0.00000000
 0.00000000 0.00000886 0.00001637 0.00002139 0.00002315 0.00002139 0.00001637 0.00000886 0.00000000
 0.00000000 0.00000000 0.00000000 0.00000000 0.00000000 0.00000000 0.00000000 0.00000000 0.00000000
