============================================================
Program for calculation of partial differential equations.  
============================================================
(c) Dr. Thomas Ludwig, TU München.
    Thomas A. Zochler, TU München.
    Andreas C. Schmidt, TU München.
============================================================

Berechnungszeit:    250.069258 s 
Speicherbedarf:     312.088074 MiB
Berechnungsmethode: Jacobi
Interlines:         564
Stoerfunktion:      f(x,y) = 2pi^2*sin(pi*x)sin(pi*y)
Terminierung:       Anzahl der Iterationen
Anzahl Iterationen: 1000
Norm des Fehlers:   2.41483846301e-07

Matrix:
 0.00000000 0.00000000 0.00000000 0.00000000 0.00000000 0.00000000 0.00000000 0.00000000 0.00000000
 0.00000000 0.00003537 0.00006535 0.00008539 0.00009242 0.00008539 0.00006535 0.00003537 0.00000000
 0.00000000 0.00006535 0.00012076 0.00015778 0.00017078 0.00015778 0.00012076 0.00006535 0.00000000
 0.00000000 0.00008539 0.00015778 0.00020614 0.00022313 0.00020614 0.00015778 0.00008539 0.00000000
 0.00000000 0.00009242 0.00017078 0.00022313 0.00024151 0.00022313 0.00017078 0.00009242 0.00000000
 0.00000000 0.00008539 0.00015778 0.00020614 0.00022313 0.00020614 0.00015778 0.00008539 0.00000000
 0.00000000 0.00006535 0.00012076 0.00015778 0.00017078 0.00015778 0.00012076 0.00006535 0.00000000
 0.00000000 0.00003537 0.00006535 0.00008539 0.00009242 0.00008539 0.00006535 0.00003537 0.00000000
 0.00000000 0.00000000 0.00000000 0.00000000 0.00000000 0.00000000 0.00000000 0.00000000 0.00000000
============================================================
Program for calculation of partial differential equations.  
============================================================
(c) Dr. Thomas Ludwig, TU München.
    Thomas A. Zochler, TU München.
    Andreas C. Schmidt, TU München.
============================================================

Berechnungszeit:    249.982083 s 
Speicherbedarf:     312.088074 MiB
Berechnungsmethode: Jacobi
Interlines:         564
Stoerfunktion:      f(x,y) = 2pi^2*sin(pi*x)sin(pi*y)
Terminierung:       Anzahl der Iterationen
Anzahl Iterationen: 1000
Norm des Fehlers:   2.41483846301e-07

Matrix:
 0.00000000 0.00000000 0.00000000 0.00000000 0.00000000 0.00000000 0.00000000 0.00000000 0.00000000
 0.00000000 0.00003537 0.00006535 0.00008539 0.00009242 0.00008539 0.00006535 0.00003537 0.00000000
 0.00000000 0.00006535 0.00012076 0.00015778 0.00017078 0.00015778 0.00012076 0.00006535 0.00000000
 0.00000000 0.00008539 0.00015778 0.00020614 0.00022313 0.00020614 0.00015778 0.00008539 0.00000000
 0.00000000 0.00009242 0.00017078 0.00022313 0.00024151 0.00022313 0.00017078 0.00009242 0.00000000
 0.00000000 0.00008539 0.00015778 0.00020614 0.00022313 0.00020614 0.00015778 0.00008539 0.00000000
 0.00000000 0.00006535 0.00012076 0.00015778 0.00017078 0.00015778 0.00012076 0.00006535 0.00000000
 0.00000000 0.00003537 0.00006535 0.00008539 0.00009242 0.00008539 0.00006535 0.00003537 0.00000000
 0.00000000 0.00000000 0.00000000 0.00000000 0.00000000 0.00000000 0.00000000 0.00000000 0.00000000
============================================================
Program for calculation of partial differential equations.  
============================================================
(c) Dr. Thomas Ludwig, TU München.
    Thomas A. Zochler, TU München.
    Andreas C. Schmidt, TU München.
============================================================

Berechnungszeit:    249.994839 s 
Speicherbedarf:     312.088074 MiB
Berechnungsmethode: Jacobi
Interlines:         564
Stoerfunktion:      f(x,y) = 2pi^2*sin(pi*x)sin(pi*y)
Terminierung:       Anzahl der Iterationen
Anzahl Iterationen: 1000
Norm des Fehlers:   2.41483846301e-07

Matrix:
 0.00000000 0.00000000 0.00000000 0.00000000 0.00000000 0.00000000 0.00000000 0.00000000 0.00000000
 0.00000000 0.00003537 0.00006535 0.00008539 0.00009242 0.00008539 0.00006535 0.00003537 0.00000000
 0.00000000 0.00006535 0.00012076 0.00015778 0.00017078 0.00015778 0.00012076 0.00006535 0.00000000
 0.00000000 0.00008539 0.00015778 0.00020614 0.00022313 0.00020614 0.00015778 0.00008539 0.00000000
 0.00000000 0.00009242 0.00017078 0.00022313 0.00024151 0.00022313 0.00017078 0.00009242 0.00000000
 0.00000000 0.00008539 0.00015778 0.00020614 0.00022313 0.00020614 0.00015778 0.00008539 0.00000000
 0.00000000 0.00006535 0.00012076 0.00015778 0.00017078 0.00015778 0.00012076 0.00006535 0.00000000
 0.00000000 0.00003537 0.00006535 0.00008539 0.00009242 0.00008539 0.00006535 0.00003537 0.00000000
 0.00000000 0.00000000 0.00000000 0.00000000 0.00000000 0.00000000 0.00000000 0.00000000 0.00000000
