============================================================
Program for calculation of partial differential equations.  
============================================================
(c) Dr. Thomas Ludwig, TU München.
    Thomas A. Zochler, TU München.
    Andreas C. Schmidt, TU München.
============================================================

Berechnungszeit:    259.856234 s 
Speicherbedarf:     10078.541992 MiB
Berechnungsmethode: Jacobi
Interlines:         3200
Stoerfunktion:      f(x,y) = 2pi^2*sin(pi*x)sin(pi*y)
Terminierung:       Anzahl der Iterationen
Anzahl Iterationen: 1000
Norm des Fehlers:   7.52515002343e-09

Matrix:
 0.00000000 0.00000000 0.00000000 0.00000000 0.00000000 0.00000000 0.00000000 0.00000000 0.00000000
 0.00000000 0.00000110 0.00000204 0.00000266 0.00000288 0.00000266 0.00000204 0.00000110 0.00000000
 0.00000000 0.00000204 0.00000376 0.00000492 0.00000532 0.00000492 0.00000376 0.00000204 0.00000000
 0.00000000 0.00000266 0.00000492 0.00000642 0.00000695 0.00000642 0.00000492 0.00000266 0.00000000
 0.00000000 0.00000288 0.00000532 0.00000695 0.00000753 0.00000695 0.00000532 0.00000288 0.00000000
 0.00000000 0.00000266 0.00000492 0.00000642 0.00000695 0.00000642 0.00000492 0.00000266 0.00000000
 0.00000000 0.00000204 0.00000376 0.00000492 0.00000532 0.00000492 0.00000376 0.00000204 0.00000000
 0.00000000 0.00000110 0.00000204 0.00000266 0.00000288 0.00000266 0.00000204 0.00000110 0.00000000
 0.00000000 0.00000000 0.00000000 0.00000000 0.00000000 0.00000000 0.00000000 0.00000000 0.00000000
============================================================
Program for calculation of partial differential equations.  
============================================================
(c) Dr. Thomas Ludwig, TU München.
    Thomas A. Zochler, TU München.
    Andreas C. Schmidt, TU München.
============================================================

Berechnungszeit:    261.550588 s 
Speicherbedarf:     10078.541992 MiB
Berechnungsmethode: Jacobi
Interlines:         3200
Stoerfunktion:      f(x,y) = 2pi^2*sin(pi*x)sin(pi*y)
Terminierung:       Anzahl der Iterationen
Anzahl Iterationen: 1000
Norm des Fehlers:   7.52515002343e-09

Matrix:
 0.00000000 0.00000000 0.00000000 0.00000000 0.00000000 0.00000000 0.00000000 0.00000000 0.00000000
 0.00000000 0.00000110 0.00000204 0.00000266 0.00000288 0.00000266 0.00000204 0.00000110 0.00000000
 0.00000000 0.00000204 0.00000376 0.00000492 0.00000532 0.00000492 0.00000376 0.00000204 0.00000000
 0.00000000 0.00000266 0.00000492 0.00000642 0.00000695 0.00000642 0.00000492 0.00000266 0.00000000
 0.00000000 0.00000288 0.00000532 0.00000695 0.00000753 0.00000695 0.00000532 0.00000288 0.00000000
 0.00000000 0.00000266 0.00000492 0.00000642 0.00000695 0.00000642 0.00000492 0.00000266 0.00000000
 0.00000000 0.00000204 0.00000376 0.00000492 0.00000532 0.00000492 0.00000376 0.00000204 0.00000000
 0.00000000 0.00000110 0.00000204 0.00000266 0.00000288 0.00000266 0.00000204 0.00000110 0.00000000
 0.00000000 0.00000000 0.00000000 0.00000000 0.00000000 0.00000000 0.00000000 0.00000000 0.00000000
============================================================
Program for calculation of partial differential equations.  
============================================================
(c) Dr. Thomas Ludwig, TU München.
    Thomas A. Zochler, TU München.
    Andreas C. Schmidt, TU München.
============================================================

Berechnungszeit:    260.852610 s 
Speicherbedarf:     10078.541992 MiB
Berechnungsmethode: Jacobi
Interlines:         3200
Stoerfunktion:      f(x,y) = 2pi^2*sin(pi*x)sin(pi*y)
Terminierung:       Anzahl der Iterationen
Anzahl Iterationen: 1000
Norm des Fehlers:   7.52515002343e-09

Matrix:
 0.00000000 0.00000000 0.00000000 0.00000000 0.00000000 0.00000000 0.00000000 0.00000000 0.00000000
 0.00000000 0.00000110 0.00000204 0.00000266 0.00000288 0.00000266 0.00000204 0.00000110 0.00000000
 0.00000000 0.00000204 0.00000376 0.00000492 0.00000532 0.00000492 0.00000376 0.00000204 0.00000000
 0.00000000 0.00000266 0.00000492 0.00000642 0.00000695 0.00000642 0.00000492 0.00000266 0.00000000
 0.00000000 0.00000288 0.00000532 0.00000695 0.00000753 0.00000695 0.00000532 0.00000288 0.00000000
 0.00000000 0.00000266 0.00000492 0.00000642 0.00000695 0.00000642 0.00000492 0.00000266 0.00000000
 0.00000000 0.00000204 0.00000376 0.00000492 0.00000532 0.00000492 0.00000376 0.00000204 0.00000000
 0.00000000 0.00000110 0.00000204 0.00000266 0.00000288 0.00000266 0.00000204 0.00000110 0.00000000
 0.00000000 0.00000000 0.00000000 0.00000000 0.00000000 0.00000000 0.00000000 0.00000000 0.00000000
