============================================================
Program for calculation of partial differential equations.  
============================================================
(c) Dr. Thomas Ludwig, TU München.
    Thomas A. Zochler, TU München.
    Andreas C. Schmidt, TU München.
============================================================

Berechnungszeit:    256.946357 s 
Speicherbedarf:     2511.139404 MiB
Berechnungsmethode: Jacobi
Interlines:         1600
Stoerfunktion:      f(x,y) = 2pi^2*sin(pi*x)sin(pi*y)
Terminierung:       Anzahl der Iterationen
Anzahl Iterationen: 1000
Norm des Fehlers:   3.00811240415e-08

Matrix:
 0.00000000 0.00000000 0.00000000 0.00000000 0.00000000 0.00000000 0.00000000 0.00000000 0.00000000
 0.00000000 0.00000441 0.00000814 0.00001064 0.00001151 0.00001064 0.00000814 0.00000441 0.00000000
 0.00000000 0.00000814 0.00001504 0.00001965 0.00002127 0.00001965 0.00001504 0.00000814 0.00000000
 0.00000000 0.00001064 0.00001965 0.00002568 0.00002779 0.00002568 0.00001965 0.00001064 0.00000000
 0.00000000 0.00001151 0.00002127 0.00002779 0.00003008 0.00002779 0.00002127 0.00001151 0.00000000
 0.00000000 0.00001064 0.00001965 0.00002568 0.00002779 0.00002568 0.00001965 0.00001064 0.00000000
 0.00000000 0.00000814 0.00001504 0.00001965 0.00002127 0.00001965 0.00001504 0.00000814 0.00000000
 0.00000000 0.00000441 0.00000814 0.00001064 0.00001151 0.00001064 0.00000814 0.00000441 0.00000000
 0.00000000 0.00000000 0.00000000 0.00000000 0.00000000 0.00000000 0.00000000 0.00000000 0.00000000
============================================================
Program for calculation of partial differential equations.  
============================================================
(c) Dr. Thomas Ludwig, TU München.
    Thomas A. Zochler, TU München.
    Andreas C. Schmidt, TU München.
============================================================

Berechnungszeit:    258.617623 s 
Speicherbedarf:     2511.139404 MiB
Berechnungsmethode: Jacobi
Interlines:         1600
Stoerfunktion:      f(x,y) = 2pi^2*sin(pi*x)sin(pi*y)
Terminierung:       Anzahl der Iterationen
Anzahl Iterationen: 1000
Norm des Fehlers:   3.00811240415e-08

Matrix:
 0.00000000 0.00000000 0.00000000 0.00000000 0.00000000 0.00000000 0.00000000 0.00000000 0.00000000
 0.00000000 0.00000441 0.00000814 0.00001064 0.00001151 0.00001064 0.00000814 0.00000441 0.00000000
 0.00000000 0.00000814 0.00001504 0.00001965 0.00002127 0.00001965 0.00001504 0.00000814 0.00000000
 0.00000000 0.00001064 0.00001965 0.00002568 0.00002779 0.00002568 0.00001965 0.00001064 0.00000000
 0.00000000 0.00001151 0.00002127 0.00002779 0.00003008 0.00002779 0.00002127 0.00001151 0.00000000
 0.00000000 0.00001064 0.00001965 0.00002568 0.00002779 0.00002568 0.00001965 0.00001064 0.00000000
 0.00000000 0.00000814 0.00001504 0.00001965 0.00002127 0.00001965 0.00001504 0.00000814 0.00000000
 0.00000000 0.00000441 0.00000814 0.00001064 0.00001151 0.00001064 0.00000814 0.00000441 0.00000000
 0.00000000 0.00000000 0.00000000 0.00000000 0.00000000 0.00000000 0.00000000 0.00000000 0.00000000
============================================================
Program for calculation of partial differential equations.  
============================================================
(c) Dr. Thomas Ludwig, TU München.
    Thomas A. Zochler, TU München.
    Andreas C. Schmidt, TU München.
============================================================

Berechnungszeit:    257.172774 s 
Speicherbedarf:     2511.139404 MiB
Berechnungsmethode: Jacobi
Interlines:         1600
Stoerfunktion:      f(x,y) = 2pi^2*sin(pi*x)sin(pi*y)
Terminierung:       Anzahl der Iterationen
Anzahl Iterationen: 1000
Norm des Fehlers:   3.00811240415e-08

Matrix:
 0.00000000 0.00000000 0.00000000 0.00000000 0.00000000 0.00000000 0.00000000 0.00000000 0.00000000
 0.00000000 0.00000441 0.00000814 0.00001064 0.00001151 0.00001064 0.00000814 0.00000441 0.00000000
 0.00000000 0.00000814 0.00001504 0.00001965 0.00002127 0.00001965 0.00001504 0.00000814 0.00000000
 0.00000000 0.00001064 0.00001965 0.00002568 0.00002779 0.00002568 0.00001965 0.00001064 0.00000000
 0.00000000 0.00001151 0.00002127 0.00002779 0.00003008 0.00002779 0.00002127 0.00001151 0.00000000
 0.00000000 0.00001064 0.00001965 0.00002568 0.00002779 0.00002568 0.00001965 0.00001064 0.00000000
 0.00000000 0.00000814 0.00001504 0.00001965 0.00002127 0.00001965 0.00001504 0.00000814 0.00000000
 0.00000000 0.00000441 0.00000814 0.00001064 0.00001151 0.00001064 0.00000814 0.00000441 0.00000000
 0.00000000 0.00000000 0.00000000 0.00000000 0.00000000 0.00000000 0.00000000 0.00000000 0.00000000
