============================================================
Program for calculation of partial differential equations.  
============================================================
(c) Dr. Thomas Ludwig, TU München.
    Thomas A. Zochler, TU München.
    Andreas C. Schmidt, TU München.
============================================================

Berechnungszeit:    531.463511 s 
Speicherbedarf:     5039.270996 MiB
Berechnungsmethode: Gauß-Seidel
Interlines:         3200
Stoerfunktion:      f(x,y) = 2pi^2*sin(pi*x)sin(pi*y)
Terminierung:       Anzahl der Iterationen
Anzahl Iterationen: 1000
Norm des Fehlers:   1.50501866774e-08

Matrix:
 0.00000000 0.00000000 0.00000000 0.00000000 0.00000000 0.00000000 0.00000000 0.00000000 0.00000000
 0.00000000 0.00000220 0.00000407 0.00000532 0.00000576 0.00000532 0.00000407 0.00000220 0.00000000
 0.00000000 0.00000407 0.00000752 0.00000983 0.00001064 0.00000983 0.00000753 0.00000407 0.00000000
 0.00000000 0.00000532 0.00000983 0.00001285 0.00001390 0.00001285 0.00000983 0.00000532 0.00000000
 0.00000000 0.00000576 0.00001064 0.00001390 0.00001505 0.00001391 0.00001064 0.00000576 0.00000000
 0.00000000 0.00000532 0.00000983 0.00001285 0.00001391 0.00001285 0.00000983 0.00000532 0.00000000
 0.00000000 0.00000407 0.00000753 0.00000983 0.00001064 0.00000983 0.00000753 0.00000407 0.00000000
 0.00000000 0.00000220 0.00000407 0.00000532 0.00000576 0.00000532 0.00000407 0.00000220 0.00000000
 0.00000000 0.00000000 0.00000000 0.00000000 0.00000000 0.00000000 0.00000000 0.00000000 0.00000000
============================================================
Program for calculation of partial differential equations.  
============================================================
(c) Dr. Thomas Ludwig, TU München.
    Thomas A. Zochler, TU München.
    Andreas C. Schmidt, TU München.
============================================================

Berechnungszeit:    531.313040 s 
Speicherbedarf:     5039.270996 MiB
Berechnungsmethode: Gauß-Seidel
Interlines:         3200
Stoerfunktion:      f(x,y) = 2pi^2*sin(pi*x)sin(pi*y)
Terminierung:       Anzahl der Iterationen
Anzahl Iterationen: 1000
Norm des Fehlers:   1.50501866774e-08

Matrix:
 0.00000000 0.00000000 0.00000000 0.00000000 0.00000000 0.00000000 0.00000000 0.00000000 0.00000000
 0.00000000 0.00000220 0.00000407 0.00000532 0.00000576 0.00000532 0.00000407 0.00000220 0.00000000
 0.00000000 0.00000407 0.00000752 0.00000983 0.00001064 0.00000983 0.00000753 0.00000407 0.00000000
 0.00000000 0.00000532 0.00000983 0.00001285 0.00001390 0.00001285 0.00000983 0.00000532 0.00000000
 0.00000000 0.00000576 0.00001064 0.00001390 0.00001505 0.00001391 0.00001064 0.00000576 0.00000000
 0.00000000 0.00000532 0.00000983 0.00001285 0.00001391 0.00001285 0.00000983 0.00000532 0.00000000
 0.00000000 0.00000407 0.00000753 0.00000983 0.00001064 0.00000983 0.00000753 0.00000407 0.00000000
 0.00000000 0.00000220 0.00000407 0.00000532 0.00000576 0.00000532 0.00000407 0.00000220 0.00000000
 0.00000000 0.00000000 0.00000000 0.00000000 0.00000000 0.00000000 0.00000000 0.00000000 0.00000000
============================================================
Program for calculation of partial differential equations.  
============================================================
(c) Dr. Thomas Ludwig, TU München.
    Thomas A. Zochler, TU München.
    Andreas C. Schmidt, TU München.
============================================================

Berechnungszeit:    532.445293 s 
Speicherbedarf:     5039.270996 MiB
Berechnungsmethode: Gauß-Seidel
Interlines:         3200
Stoerfunktion:      f(x,y) = 2pi^2*sin(pi*x)sin(pi*y)
Terminierung:       Anzahl der Iterationen
Anzahl Iterationen: 1000
Norm des Fehlers:   1.50501866774e-08

Matrix:
 0.00000000 0.00000000 0.00000000 0.00000000 0.00000000 0.00000000 0.00000000 0.00000000 0.00000000
 0.00000000 0.00000220 0.00000407 0.00000532 0.00000576 0.00000532 0.00000407 0.00000220 0.00000000
 0.00000000 0.00000407 0.00000752 0.00000983 0.00001064 0.00000983 0.00000753 0.00000407 0.00000000
 0.00000000 0.00000532 0.00000983 0.00001285 0.00001390 0.00001285 0.00000983 0.00000532 0.00000000
 0.00000000 0.00000576 0.00001064 0.00001390 0.00001505 0.00001391 0.00001064 0.00000576 0.00000000
 0.00000000 0.00000532 0.00000983 0.00001285 0.00001391 0.00001285 0.00000983 0.00000532 0.00000000
 0.00000000 0.00000407 0.00000753 0.00000983 0.00001064 0.00000983 0.00000753 0.00000407 0.00000000
 0.00000000 0.00000220 0.00000407 0.00000532 0.00000576 0.00000532 0.00000407 0.00000220 0.00000000
 0.00000000 0.00000000 0.00000000 0.00000000 0.00000000 0.00000000 0.00000000 0.00000000 0.00000000
