============================================================
Program for calculation of partial differential equations.  
============================================================
(c) Dr. Thomas Ludwig, TU München.
    Thomas A. Zochler, TU München.
    Andreas C. Schmidt, TU München.
============================================================

Berechnungszeit:    510.584378 s 
Speicherbedarf:     623.554871 MiB
Berechnungsmethode: Gauß-Seidel
Interlines:         1128
Stoerfunktion:      f(x,y) = 2pi^2*sin(pi*x)sin(pi*y)
Terminierung:       Anzahl der Iterationen
Anzahl Iterationen: 1000
Norm des Fehlers:   1.20970463429e-07

Matrix:
 0.00000000 0.00000000 0.00000000 0.00000000 0.00000000 0.00000000 0.00000000 0.00000000 0.00000000
 0.00000000 0.00001770 0.00003272 0.00004275 0.00004628 0.00004276 0.00003273 0.00001772 0.00000000
 0.00000000 0.00003272 0.00006047 0.00007901 0.00008553 0.00007902 0.00006049 0.00003274 0.00000000
 0.00000000 0.00004275 0.00007901 0.00010325 0.00011176 0.00010326 0.00007904 0.00004279 0.00000000
 0.00000000 0.00004628 0.00008553 0.00011176 0.00012098 0.00011178 0.00008556 0.00004632 0.00000000
 0.00000000 0.00004276 0.00007902 0.00010326 0.00011178 0.00010328 0.00007905 0.00004279 0.00000000
 0.00000000 0.00003273 0.00006049 0.00007904 0.00008556 0.00007905 0.00006051 0.00003276 0.00000000
 0.00000000 0.00001772 0.00003274 0.00004279 0.00004632 0.00004279 0.00003276 0.00001773 0.00000000
 0.00000000 0.00000000 0.00000000 0.00000000 0.00000000 0.00000000 0.00000000 0.00000000 0.00000000
============================================================
Program for calculation of partial differential equations.  
============================================================
(c) Dr. Thomas Ludwig, TU München.
    Thomas A. Zochler, TU München.
    Andreas C. Schmidt, TU München.
============================================================

Berechnungszeit:    510.742466 s 
Speicherbedarf:     623.554871 MiB
Berechnungsmethode: Gauß-Seidel
Interlines:         1128
Stoerfunktion:      f(x,y) = 2pi^2*sin(pi*x)sin(pi*y)
Terminierung:       Anzahl der Iterationen
Anzahl Iterationen: 1000
Norm des Fehlers:   1.20970463429e-07

Matrix:
 0.00000000 0.00000000 0.00000000 0.00000000 0.00000000 0.00000000 0.00000000 0.00000000 0.00000000
 0.00000000 0.00001770 0.00003272 0.00004275 0.00004628 0.00004276 0.00003273 0.00001772 0.00000000
 0.00000000 0.00003272 0.00006047 0.00007901 0.00008553 0.00007902 0.00006049 0.00003274 0.00000000
 0.00000000 0.00004275 0.00007901 0.00010325 0.00011176 0.00010326 0.00007904 0.00004279 0.00000000
 0.00000000 0.00004628 0.00008553 0.00011176 0.00012098 0.00011178 0.00008556 0.00004632 0.00000000
 0.00000000 0.00004276 0.00007902 0.00010326 0.00011178 0.00010328 0.00007905 0.00004279 0.00000000
 0.00000000 0.00003273 0.00006049 0.00007904 0.00008556 0.00007905 0.00006051 0.00003276 0.00000000
 0.00000000 0.00001772 0.00003274 0.00004279 0.00004632 0.00004279 0.00003276 0.00001773 0.00000000
 0.00000000 0.00000000 0.00000000 0.00000000 0.00000000 0.00000000 0.00000000 0.00000000 0.00000000
============================================================
Program for calculation of partial differential equations.  
============================================================
(c) Dr. Thomas Ludwig, TU München.
    Thomas A. Zochler, TU München.
    Andreas C. Schmidt, TU München.
============================================================

Berechnungszeit:    510.863463 s 
Speicherbedarf:     623.554871 MiB
Berechnungsmethode: Gauß-Seidel
Interlines:         1128
Stoerfunktion:      f(x,y) = 2pi^2*sin(pi*x)sin(pi*y)
Terminierung:       Anzahl der Iterationen
Anzahl Iterationen: 1000
Norm des Fehlers:   1.20970463429e-07

Matrix:
 0.00000000 0.00000000 0.00000000 0.00000000 0.00000000 0.00000000 0.00000000 0.00000000 0.00000000
 0.00000000 0.00001770 0.00003272 0.00004275 0.00004628 0.00004276 0.00003273 0.00001772 0.00000000
 0.00000000 0.00003272 0.00006047 0.00007901 0.00008553 0.00007902 0.00006049 0.00003274 0.00000000
 0.00000000 0.00004275 0.00007901 0.00010325 0.00011176 0.00010326 0.00007904 0.00004279 0.00000000
 0.00000000 0.00004628 0.00008553 0.00011176 0.00012098 0.00011178 0.00008556 0.00004632 0.00000000
 0.00000000 0.00004276 0.00007902 0.00010326 0.00011178 0.00010328 0.00007905 0.00004279 0.00000000
 0.00000000 0.00003273 0.00006049 0.00007904 0.00008556 0.00007905 0.00006051 0.00003276 0.00000000
 0.00000000 0.00001772 0.00003274 0.00004279 0.00004632 0.00004279 0.00003276 0.00001773 0.00000000
 0.00000000 0.00000000 0.00000000 0.00000000 0.00000000 0.00000000 0.00000000 0.00000000 0.00000000
