============================================================
Program for calculation of partial differential equations.  
============================================================
(c) Dr. Thomas Ludwig, TU München.
    Thomas A. Zochler, TU München.
    Andreas C. Schmidt, TU München.
============================================================

Berechnungszeit:    512.214380 s 
Speicherbedarf:     313.721802 MiB
Berechnungsmethode: Gauß-Seidel
Interlines:         800
Stoerfunktion:      f(x,y) = 2pi^2*sin(pi*x)sin(pi*y)
Terminierung:       Anzahl der Iterationen
Anzahl Iterationen: 1000
Norm des Fehlers:   2.40298109470e-07

Matrix:
 0.00000000 0.00000000 0.00000000 0.00000000 0.00000000 0.00000000 0.00000000 0.00000000 0.00000000
 0.00000000 0.00003515 0.00006498 0.00008491 0.00009191 0.00008493 0.00006501 0.00003520 0.00000000
 0.00000000 0.00006498 0.00012010 0.00015695 0.00016990 0.00015698 0.00012016 0.00006505 0.00000000
 0.00000000 0.00008491 0.00015695 0.00020509 0.00022201 0.00020513 0.00015702 0.00008501 0.00000000
 0.00000000 0.00009191 0.00016990 0.00022201 0.00024033 0.00022206 0.00016998 0.00009202 0.00000000
 0.00000000 0.00008493 0.00015698 0.00020513 0.00022206 0.00020517 0.00015706 0.00008503 0.00000000
 0.00000000 0.00006501 0.00012016 0.00015702 0.00016998 0.00015706 0.00012022 0.00006509 0.00000000
 0.00000000 0.00003520 0.00006505 0.00008501 0.00009202 0.00008503 0.00006509 0.00003524 0.00000000
 0.00000000 0.00000000 0.00000000 0.00000000 0.00000000 0.00000000 0.00000000 0.00000000 0.00000000
============================================================
Program for calculation of partial differential equations.  
============================================================
(c) Dr. Thomas Ludwig, TU München.
    Thomas A. Zochler, TU München.
    Andreas C. Schmidt, TU München.
============================================================

Berechnungszeit:    512.323036 s 
Speicherbedarf:     313.721802 MiB
Berechnungsmethode: Gauß-Seidel
Interlines:         800
Stoerfunktion:      f(x,y) = 2pi^2*sin(pi*x)sin(pi*y)
Terminierung:       Anzahl der Iterationen
Anzahl Iterationen: 1000
Norm des Fehlers:   2.40298109470e-07

Matrix:
 0.00000000 0.00000000 0.00000000 0.00000000 0.00000000 0.00000000 0.00000000 0.00000000 0.00000000
 0.00000000 0.00003515 0.00006498 0.00008491 0.00009191 0.00008493 0.00006501 0.00003520 0.00000000
 0.00000000 0.00006498 0.00012010 0.00015695 0.00016990 0.00015698 0.00012016 0.00006505 0.00000000
 0.00000000 0.00008491 0.00015695 0.00020509 0.00022201 0.00020513 0.00015702 0.00008501 0.00000000
 0.00000000 0.00009191 0.00016990 0.00022201 0.00024033 0.00022206 0.00016998 0.00009202 0.00000000
 0.00000000 0.00008493 0.00015698 0.00020513 0.00022206 0.00020517 0.00015706 0.00008503 0.00000000
 0.00000000 0.00006501 0.00012016 0.00015702 0.00016998 0.00015706 0.00012022 0.00006509 0.00000000
 0.00000000 0.00003520 0.00006505 0.00008501 0.00009202 0.00008503 0.00006509 0.00003524 0.00000000
 0.00000000 0.00000000 0.00000000 0.00000000 0.00000000 0.00000000 0.00000000 0.00000000 0.00000000
============================================================
Program for calculation of partial differential equations.  
============================================================
(c) Dr. Thomas Ludwig, TU München.
    Thomas A. Zochler, TU München.
    Andreas C. Schmidt, TU München.
============================================================

Berechnungszeit:    513.986465 s 
Speicherbedarf:     313.721802 MiB
Berechnungsmethode: Gauß-Seidel
Interlines:         800
Stoerfunktion:      f(x,y) = 2pi^2*sin(pi*x)sin(pi*y)
Terminierung:       Anzahl der Iterationen
Anzahl Iterationen: 1000
Norm des Fehlers:   2.40298109470e-07

Matrix:
 0.00000000 0.00000000 0.00000000 0.00000000 0.00000000 0.00000000 0.00000000 0.00000000 0.00000000
 0.00000000 0.00003515 0.00006498 0.00008491 0.00009191 0.00008493 0.00006501 0.00003520 0.00000000
 0.00000000 0.00006498 0.00012010 0.00015695 0.00016990 0.00015698 0.00012016 0.00006505 0.00000000
 0.00000000 0.00008491 0.00015695 0.00020509 0.00022201 0.00020513 0.00015702 0.00008501 0.00000000
 0.00000000 0.00009191 0.00016990 0.00022201 0.00024033 0.00022206 0.00016998 0.00009202 0.00000000
 0.00000000 0.00008493 0.00015698 0.00020513 0.00022206 0.00020517 0.00015706 0.00008503 0.00000000
 0.00000000 0.00006501 0.00012016 0.00015702 0.00016998 0.00015706 0.00012022 0.00006509 0.00000000
 0.00000000 0.00003520 0.00006505 0.00008501 0.00009202 0.00008503 0.00006509 0.00003524 0.00000000
 0.00000000 0.00000000 0.00000000 0.00000000 0.00000000 0.00000000 0.00000000 0.00000000 0.00000000
