============================================================
Program for calculation of partial differential equations.  
============================================================
(c) Dr. Thomas Ludwig, TU München.
    Thomas A. Zochler, TU München.
    Andreas C. Schmidt, TU München.
============================================================

Berechnungszeit:    0.000000 s 
Speicherbedarf:     0.000000 MiB
Berechnungsmethode: Gauß-Seidel
Interlines:         0
Stoerfunktion:      f(x,y) = 0
Terminierung:       Anzahl der Iterationen
Anzahl Iterationen: 0
Norm des Fehlers:   0.00000000000e+00

Matrix:
 4.00000000 3.87500000 3.75000000 3.62500000 3.50000000 3.37500000 3.25000000 3.12500000 3.00000000
 3.87500000 0.00000000 0.00000000 0.00000000 0.00000000 0.00000000 0.00000000 0.00000000 2.87500000
 3.75000000 0.00000000 0.00000000 0.00000000 0.00000000 0.00000000 0.00000000 0.00000000 2.75000000
 3.62500000 0.00000000 0.00000000 0.00000000 0.00000000 0.00000000 0.00000000 0.00000000 2.62500000
 3.50000000 0.00000000 0.00000000 0.00000000 0.00000000 0.00000000 0.00000000 0.00000000 2.50000000
 3.37500000 0.00000000 0.00000000 0.00000000 0.00000000 0.00000000 0.00000000 0.00000000 2.37500000
 3.25000000 0.00000000 0.00000000 0.00000000 0.00000000 0.00000000 0.00000000 0.00000000 2.25000000
 3.12500000 0.00000000 0.00000000 0.00000000 0.00000000 0.00000000 0.00000000 0.00000000 2.12500000
 3.00000000 2.87500000 2.75000000 2.62500000 2.50000000 2.37500000 2.25000000 2.12500000 2.00000000
============================================================
Program for calculation of partial differential equations.  
============================================================
(c) Dr. Thomas Ludwig, TU München.
    Thomas A. Zochler, TU München.
    Andreas C. Schmidt, TU München.
============================================================

Berechnungszeit:    0.000001 s 
Speicherbedarf:     0.000000 MiB
Berechnungsmethode: Gauß-Seidel
Interlines:         0
Stoerfunktion:      f(x,y) = 2pi^2*sin(pi*x)sin(pi*y)
Terminierung:       Anzahl der Iterationen
Anzahl Iterationen: 0
Norm des Fehlers:   0.00000000000e+00

Matrix:
 0.00000000 0.00000000 0.00000000 0.00000000 0.00000000 0.00000000 0.00000000 0.00000000 0.00000000
 0.00000000 0.00000000 0.00000000 0.00000000 0.00000000 0.00000000 0.00000000 0.00000000 0.00000000
 0.00000000 0.00000000 0.00000000 0.00000000 0.00000000 0.00000000 0.00000000 0.00000000 0.00000000
 0.00000000 0.00000000 0.00000000 0.00000000 0.00000000 0.00000000 0.00000000 0.00000000 0.00000000
 0.00000000 0.00000000 0.00000000 0.00000000 0.00000000 0.00000000 0.00000000 0.00000000 0.00000000
 0.00000000 0.00000000 0.00000000 0.00000000 0.00000000 0.00000000 0.00000000 0.00000000 0.00000000
 0.00000000 0.00000000 0.00000000 0.00000000 0.00000000 0.00000000 0.00000000 0.00000000 0.00000000
 0.00000000 0.00000000 0.00000000 0.00000000 0.00000000 0.00000000 0.00000000 0.00000000 0.00000000
 0.00000000 0.00000000 0.00000000 0.00000000 0.00000000 0.00000000 0.00000000 0.00000000 0.00000000
============================================================
Program for calculation of partial differential equations.  
============================================================
(c) Dr. Thomas Ludwig, TU München.
    Thomas A. Zochler, TU München.
    Andreas C. Schmidt, TU München.
============================================================

Berechnungszeit:    0.000001 s 
Speicherbedarf:     0.000000 MiB
Berechnungsmethode: Gauß-Seidel
Interlines:         0
Stoerfunktion:      f(x,y) = 0
Terminierung:       Anzahl der Iterationen
Anzahl Iterationen: 1
Norm des Fehlers:   1.93750000000e+00

Matrix:
 4.00000000 3.87500000 3.75000000 3.62500000 3.50000000 3.37500000 3.25000000 3.12500000 3.00000000
 3.87500000 1.93750000 1.42187500 1.26171875 1.19042969 1.14135742 1.09783936 1.77445984 2.87500000
 3.75000000 1.42187500 0.71093750 0.49316406 0.42089844 0.39056396 0.37210083 1.22414017 2.75000000
 3.62500000 1.26171875 0.49316406 0.24658203 0.16687012 0.13935852 0.12786484 0.99425125 2.62500000
 3.50000000 1.19042969 0.42089844 0.16687012 0.08343506 0.05569839 0.04589081 0.88503551 2.50000000
 3.37500000 1.14135742 0.39056396 0.13935852 0.05569839 0.02784920 0.01843500 0.81961763 2.37500000
 3.25000000 1.09783936 0.37210083 0.12786484 0.04589081 0.01843500 0.00921750 0.76970878 2.25000000
 3.12500000 1.77445984 1.22414017 0.99425125 0.88503551 0.81961763 0.76970878 1.44735439 2.12500000
 3.00000000 2.87500000 2.75000000 2.62500000 2.50000000 2.37500000 2.25000000 2.12500000 2.00000000
============================================================
Program for calculation of partial differential equations.  
============================================================
(c) Dr. Thomas Ludwig, TU München.
    Thomas A. Zochler, TU München.
    Andreas C. Schmidt, TU München.
============================================================

Berechnungszeit:    0.000014 s 
Speicherbedarf:     0.000000 MiB
Berechnungsmethode: Gauß-Seidel
Interlines:         0
Stoerfunktion:      f(x,y) = 0
Terminierung:       Anzahl der Iterationen
Anzahl Iterationen: 100
Norm des Fehlers:   1.10811954279e-07

Matrix:
 4.00000000 3.87500000 3.75000000 3.62500000 3.50000000 3.37500000 3.25000000 3.12500000 3.00000000
 3.87500000 3.74999985 3.62499974 3.49999969 3.37499969 3.24999973 3.12499981 2.99999991 2.87500000
 3.75000000 3.62499974 3.49999956 3.37499946 3.24999946 3.12499954 2.99999968 2.87499984 2.75000000
 3.62500000 3.49999969 3.37499946 3.24999935 3.12499935 2.99999945 2.87499961 2.74999981 2.62500000
 3.50000000 3.37499969 3.24999946 3.12499935 2.99999935 2.87499945 2.74999961 2.62499981 2.50000000
 3.37500000 3.24999973 3.12499954 2.99999945 2.87499945 2.74999953 2.62499967 2.49999983 2.37500000
 3.25000000 3.12499981 2.99999968 2.87499961 2.74999961 2.62499967 2.49999976 2.37499988 2.25000000
 3.12500000 2.99999991 2.87499984 2.74999981 2.62499981 2.49999983 2.37499988 2.24999994 2.12500000
 3.00000000 2.87500000 2.75000000 2.62500000 2.50000000 2.37500000 2.25000000 2.12500000 2.00000000
============================================================
Program for calculation of partial differential equations.  
============================================================
(c) Dr. Thomas Ludwig, TU München.
    Thomas A. Zochler, TU München.
    Andreas C. Schmidt, TU München.
============================================================

Berechnungszeit:    0.010246 s 
Speicherbedarf:     0.000000 MiB
Berechnungsmethode: Gauß-Seidel
Interlines:         100
Stoerfunktion:      f(x,y) = 0
Terminierung:       Anzahl der Iterationen
Anzahl Iterationen: 1
Norm des Fehlers:   1.99938118812e+00

Matrix:
 4.00000000 3.87500000 3.75000000 3.62500000 3.50000000 3.37500000 3.25000000 3.12500000 3.00000000
 3.87500000 0.00000000 0.00000000 0.00000000 0.00000000 0.00000000 0.00000000 0.00000000 2.87500000
 3.75000000 0.00000000 0.00000000 0.00000000 0.00000000 0.00000000 0.00000000 0.00000000 2.75000000
 3.62500000 0.00000000 0.00000000 0.00000000 0.00000000 0.00000000 0.00000000 0.00000000 2.62500000
 3.50000000 0.00000000 0.00000000 0.00000000 0.00000000 0.00000000 0.00000000 0.00000000 2.50000000
 3.37500000 0.00000000 0.00000000 0.00000000 0.00000000 0.00000000 0.00000000 0.00000000 2.37500000
 3.25000000 0.00000000 0.00000000 0.00000000 0.00000000 0.00000000 0.00000000 0.00000000 2.25000000
 3.12500000 0.00000000 0.00000000 0.00000000 0.00000000 0.00000000 0.00000000 0.00000000 2.12500000
 3.00000000 2.87500000 2.75000000 2.62500000 2.50000000 2.37500000 2.25000000 2.12500000 2.00000000
============================================================
Program for calculation of partial differential equations.  
============================================================
(c) Dr. Thomas Ludwig, TU München.
    Thomas A. Zochler, TU München.
    Andreas C. Schmidt, TU München.
============================================================

Berechnungszeit:    0.390320 s 
Speicherbedarf:     0.000000 MiB
Berechnungsmethode: Gauß-Seidel
Interlines:         100
Stoerfunktion:      f(x,y) = 0
Terminierung:       Anzahl der Iterationen
Anzahl Iterationen: 100
Norm des Fehlers:   1.35055774476e-02

Matrix:
 4.00000000 3.87500000 3.75000000 3.62500000 3.50000000 3.37500000 3.25000000 3.12500000 3.00000000
 3.87500000 0.00000000 0.00000000 0.00000000 0.00000000 0.00000000 0.00000000 0.00000000 2.87500000
 3.75000000 0.00000000 0.00000000 0.00000000 0.00000000 0.00000000 0.00000000 0.00000000 2.75000000
 3.62500000 0.00000000 0.00000000 0.00000000 0.00000000 0.00000000 0.00000000 0.00000000 2.62500000
 3.50000000 0.00000000 0.00000000 0.00000000 0.00000000 0.00000000 0.00000000 0.00000000 2.50000000
 3.37500000 0.00000000 0.00000000 0.00000000 0.00000000 0.00000000 0.00000000 0.00000000 2.37500000
 3.25000000 0.00000000 0.00000000 0.00000000 0.00000000 0.00000000 0.00000000 0.00000000 2.25000000
 3.12500000 0.00000000 0.00000000 0.00000000 0.00000000 0.00000000 0.00000000 0.00000000 2.12500000
 3.00000000 2.87500000 2.75000000 2.62500000 2.50000000 2.37500000 2.25000000 2.12500000 2.00000000
============================================================
Program for calculation of partial differential equations.  
============================================================
(c) Dr. Thomas Ludwig, TU München.
    Thomas A. Zochler, TU München.
    Andreas C. Schmidt, TU München.
============================================================

Berechnungszeit:    0.000022 s 
Speicherbedarf:     0.000000 MiB
Berechnungsmethode: Gauß-Seidel
Interlines:         0
Stoerfunktion:      f(x,y) = 0
Terminierung:       Hinreichende Genaugkeit
Anzahl Iterationen: 58
Norm des Fehlers:   8.56835705370e-05

Matrix:
 4.00000000 3.87500000 3.75000000 3.62500000 3.50000000 3.37500000 3.25000000 3.12500000 3.00000000
 3.87500000 3.74988239 3.62479923 3.49975765 3.37475765 3.24979314 3.12485373 2.99992686 2.87500000
 3.75000000 3.62479923 3.49965727 3.37458628 3.24958628 3.12464687 2.99975030 2.87487515 2.75000000
 3.62500000 3.49975765 3.37458628 3.24950060 3.12450060 2.99957374 2.87469859 2.74984929 2.62500000
 3.50000000 3.37475765 3.24958628 3.12450060 2.99950060 2.87457374 2.74969859 2.62484929 2.50000000
 3.37500000 3.24979314 3.12464687 2.99957374 2.87457374 2.74963616 2.62474273 2.49987136 2.37500000
 3.25000000 3.12485373 2.99975030 2.87469859 2.74969859 2.62474273 2.49981808 2.37490904 2.25000000
 3.12500000 2.99992686 2.87487515 2.74984929 2.62484929 2.49987136 2.37490904 2.24995452 2.12500000
 3.00000000 2.87500000 2.75000000 2.62500000 2.50000000 2.37500000 2.25000000 2.12500000 2.00000000
============================================================
Program for calculation of partial differential equations.  
============================================================
(c) Dr. Thomas Ludwig, TU München.
    Thomas A. Zochler, TU München.
    Andreas C. Schmidt, TU München.
============================================================

Berechnungszeit:    0.000042 s 
Speicherbedarf:     0.000000 MiB
Berechnungsmethode: Gauß-Seidel
Interlines:         0
Stoerfunktion:      f(x,y) = 0
Terminierung:       Hinreichende Genaugkeit
Anzahl Iterationen: 145
Norm des Fehlers:   8.91189344543e-11

Matrix:
 4.00000000 3.87500000 3.75000000 3.62500000 3.50000000 3.37500000 3.25000000 3.12500000 3.00000000
 3.87500000 3.75000000 3.62500000 3.50000000 3.37500000 3.25000000 3.12500000 3.00000000 2.87500000
 3.75000000 3.62500000 3.50000000 3.37500000 3.25000000 3.12500000 3.00000000 2.87500000 2.75000000
 3.62500000 3.50000000 3.37500000 3.25000000 3.12500000 3.00000000 2.87500000 2.75000000 2.62500000
 3.50000000 3.37500000 3.25000000 3.12500000 3.00000000 2.87500000 2.75000000 2.62500000 2.50000000
 3.37500000 3.25000000 3.12500000 3.00000000 2.87500000 2.75000000 2.62500000 2.50000000 2.37500000
 3.25000000 3.12500000 3.00000000 2.87500000 2.75000000 2.62500000 2.50000000 2.37500000 2.25000000
 3.12500000 3.00000000 2.87500000 2.75000000 2.62500000 2.50000000 2.37500000 2.25000000 2.12500000
 3.00000000 2.87500000 2.75000000 2.62500000 2.50000000 2.37500000 2.25000000 2.12500000 2.00000000
============================================================
Program for calculation of partial differential equations.  
============================================================
(c) Dr. Thomas Ludwig, TU München.
    Thomas A. Zochler, TU München.
    Andreas C. Schmidt, TU München.
============================================================

Berechnungszeit:    0.153589 s 
Speicherbedarf:     0.000000 MiB
Berechnungsmethode: Gauß-Seidel
Interlines:         10
Stoerfunktion:      f(x,y) = 0
Terminierung:       Hinreichende Genaugkeit
Anzahl Iterationen: 3235
Norm des Fehlers:   9.99011939009e-05

Matrix:
 4.00000000 3.87500000 3.75000000 3.62500000 3.50000000 3.37500000 3.25000000 3.12500000 3.00000000
 3.87500000 3.73803331 3.60304404 3.47151564 3.34438671 3.22191690 3.10365774 2.98853086 2.87500000
 3.75000000 3.60304404 3.45971612 3.32273803 3.19383186 3.07347409 2.96084191 2.85395677 2.75000000
 3.62500000 3.47151564 3.32273803 3.18219824 3.05213049 2.93315296 2.82419826 2.72269954 2.62500000
 3.50000000 3.34438671 3.19383186 3.05213049 2.92168383 2.80315634 2.69540090 2.59565883 2.50000000
 3.37500000 3.22191690 3.07347409 2.93315296 2.80315634 2.68409382 2.57491314 2.47308365 2.37500000
 3.25000000 3.10365774 2.96084191 2.82419826 2.69540090 2.57491314 2.46193533 2.35454427 2.25000000
 3.12500000 2.98853086 2.85395677 2.72269954 2.59565883 2.47308365 2.35454427 2.23900720 2.12500000
 3.00000000 2.87500000 2.75000000 2.62500000 2.50000000 2.37500000 2.25000000 2.12500000 2.00000000
============================================================
Program for calculation of partial differential equations.  
============================================================
(c) Dr. Thomas Ludwig, TU München.
    Thomas A. Zochler, TU München.
    Andreas C. Schmidt, TU München.
============================================================

Berechnungszeit:    0.638944 s 
Speicherbedarf:     0.000000 MiB
Berechnungsmethode: Gauß-Seidel
Interlines:         10
Stoerfunktion:      f(x,y) = 0
Terminierung:       Hinreichende Genaugkeit
Anzahl Iterationen: 14072
Norm des Fehlers:   9.99968996496e-11

Matrix:
 4.00000000 3.87500000 3.75000000 3.62500000 3.50000000 3.37500000 3.25000000 3.12500000 3.00000000
 3.87500000 3.74999999 3.62499998 3.49999997 3.37499997 3.24999997 3.12499998 2.99999999 2.87500000
 3.75000000 3.62499998 3.49999996 3.37499995 3.24999994 3.12499995 2.99999996 2.87499998 2.75000000
 3.62500000 3.49999997 3.37499995 3.24999993 3.12499993 2.99999993 2.87499995 2.74999997 2.62500000
 3.50000000 3.37499997 3.24999994 3.12499993 2.99999992 2.87499993 2.74999995 2.62499997 2.50000000
 3.37500000 3.24999997 3.12499995 2.99999993 2.87499993 2.74999993 2.62499995 2.49999997 2.37500000
 3.25000000 3.12499998 2.99999996 2.87499995 2.74999995 2.62499995 2.49999996 2.37499998 2.25000000
 3.12500000 2.99999999 2.87499998 2.74999997 2.62499997 2.49999997 2.37499998 2.24999999 2.12500000
 3.00000000 2.87500000 2.75000000 2.62500000 2.50000000 2.37500000 2.25000000 2.12500000 2.00000000
============================================================
Program for calculation of partial differential equations.  
============================================================
(c) Dr. Thomas Ludwig, TU München.
    Thomas A. Zochler, TU München.
    Andreas C. Schmidt, TU München.
============================================================

Berechnungszeit:    0.000017 s 
Speicherbedarf:     0.000000 MiB
Berechnungsmethode: Gauß-Seidel
Interlines:         0
Stoerfunktion:      f(x,y) = 2pi^2*sin(pi*x)sin(pi*y)
Terminierung:       Anzahl der Iterationen
Anzahl Iterationen: 1
Norm des Fehlers:   1.35629473621e-01

Matrix:
 0.00000000 0.00000000 0.00000000 0.00000000 0.00000000 0.00000000 0.00000000 0.00000000 0.00000000
 0.00000000 0.01129195 0.02368780 0.03318314 0.03780308 0.03671196 0.03004280 0.01880265 0.00000000
 0.00000000 0.02368780 0.05039704 0.07126715 0.08178994 0.07999758 0.06606324 0.04208128 0.00000000
 0.00000000 0.03318314 0.07126715 0.10144791 0.11704638 0.11507532 0.09565675 0.06169570 0.00000000
 0.00000000 0.03780308 0.08178994 0.11704638 0.13562947 0.13391312 0.11191484 0.07290993 0.00000000
 0.00000000 0.03671196 0.07999758 0.11507532 0.13391312 0.13277089 0.11154354 0.07337456 0.00000000
 0.00000000 0.03004280 0.06606324 0.09565675 0.11191484 0.11154354 0.09432491 0.06278968 0.00000000
 0.00000000 0.01880265 0.04208128 0.06169570 0.07290993 0.07337456 0.06278968 0.04268679 0.00000000
 0.00000000 0.00000000 0.00000000 0.00000000 0.00000000 0.00000000 0.00000000 0.00000000 0.00000000
============================================================
Program for calculation of partial differential equations.  
============================================================
(c) Dr. Thomas Ludwig, TU München.
    Thomas A. Zochler, TU München.
    Andreas C. Schmidt, TU München.
============================================================

Berechnungszeit:    0.000175 s 
Speicherbedarf:     0.000000 MiB
Berechnungsmethode: Gauß-Seidel
Interlines:         0
Stoerfunktion:      f(x,y) = 2pi^2*sin(pi*x)sin(pi*y)
Terminierung:       Anzahl der Iterationen
Anzahl Iterationen: 100
Norm des Fehlers:   2.43014783852e-08

Matrix:
 0.00000000 0.00000000 0.00000000 0.00000000 0.00000000 0.00000000 0.00000000 0.00000000 0.00000000
 0.00000000 0.14834317 0.27410244 0.35813210 0.38763940 0.35813211 0.27410246 0.14834318 0.00000000
 0.00000000 0.27410244 0.50647528 0.66174185 0.71626422 0.66174187 0.50647530 0.27410246 0.00000000
 0.00000000 0.35813210 0.66174185 0.86460740 0.93584432 0.86460742 0.66174188 0.35813213 0.00000000
 0.00000000 0.38763940 0.71626422 0.93584432 1.01295061 0.93584434 0.71626426 0.38763943 0.00000000
 0.00000000 0.35813211 0.66174187 0.86460742 0.93584434 0.86460744 0.66174189 0.35813213 0.00000000
 0.00000000 0.27410246 0.50647530 0.66174188 0.71626426 0.66174189 0.50647532 0.27410247 0.00000000
 0.00000000 0.14834318 0.27410246 0.35813213 0.38763943 0.35813213 0.27410247 0.14834319 0.00000000
 0.00000000 0.00000000 0.00000000 0.00000000 0.00000000 0.00000000 0.00000000 0.00000000 0.00000000
============================================================
Program for calculation of partial differential equations.  
============================================================
(c) Dr. Thomas Ludwig, TU München.
    Thomas A. Zochler, TU München.
    Andreas C. Schmidt, TU München.
============================================================

Berechnungszeit:    0.020381 s 
Speicherbedarf:     0.000000 MiB
Berechnungsmethode: Gauß-Seidel
Interlines:         100
Stoerfunktion:      f(x,y) = 2pi^2*sin(pi*x)sin(pi*y)
Terminierung:       Anzahl der Iterationen
Anzahl Iterationen: 1
Norm des Fehlers:   1.51171686633e-05

Matrix:
 0.00000000 0.00000000 0.00000000 0.00000000 0.00000000 0.00000000 0.00000000 0.00000000 0.00000000
 0.00000000 0.00000219 0.00000406 0.00000532 0.00000576 0.00000532 0.00000408 0.00000221 0.00000000
 0.00000000 0.00000406 0.00000753 0.00000985 0.00001067 0.00000986 0.00000756 0.00000410 0.00000000
 0.00000000 0.00000532 0.00000985 0.00001288 0.00001396 0.00001290 0.00000989 0.00000537 0.00000000
 0.00000000 0.00000576 0.00001067 0.00001396 0.00001512 0.00001398 0.00001071 0.00000581 0.00000000
 0.00000000 0.00000532 0.00000986 0.00001290 0.00001398 0.00001292 0.00000990 0.00000537 0.00000000
 0.00000000 0.00000408 0.00000756 0.00000989 0.00001071 0.00000990 0.00000759 0.00000412 0.00000000
 0.00000000 0.00000221 0.00000410 0.00000537 0.00000581 0.00000537 0.00000412 0.00000223 0.00000000
 0.00000000 0.00000000 0.00000000 0.00000000 0.00000000 0.00000000 0.00000000 0.00000000 0.00000000
============================================================
Program for calculation of partial differential equations.  
============================================================
(c) Dr. Thomas Ludwig, TU München.
    Thomas A. Zochler, TU München.
    Andreas C. Schmidt, TU München.
============================================================

Berechnungszeit:    1.646021 s 
Speicherbedarf:     0.000000 MiB
Berechnungsmethode: Gauß-Seidel
Interlines:         100
Stoerfunktion:      f(x,y) = 2pi^2*sin(pi*x)sin(pi*y)
Terminierung:       Anzahl der Iterationen
Anzahl Iterationen: 100
Norm des Fehlers:   1.50945612630e-05

Matrix:
 0.00000000 0.00000000 0.00000000 0.00000000 0.00000000 0.00000000 0.00000000 0.00000000 0.00000000
 0.00000000 0.00021916 0.00040606 0.00053114 0.00057537 0.00053199 0.00040763 0.00022121 0.00000000
 0.00000000 0.00040606 0.00075236 0.00098413 0.00106607 0.00098571 0.00075529 0.00040988 0.00000000
 0.00000000 0.00053114 0.00098413 0.00128729 0.00139448 0.00128936 0.00098796 0.00053614 0.00000000
 0.00000000 0.00057537 0.00106607 0.00139448 0.00151059 0.00139672 0.00107022 0.00058079 0.00000000
 0.00000000 0.00053199 0.00098571 0.00128936 0.00139672 0.00129144 0.00098955 0.00053701 0.00000000
 0.00000000 0.00040763 0.00075529 0.00098796 0.00107022 0.00098955 0.00075823 0.00041148 0.00000000
 0.00000000 0.00022121 0.00040988 0.00053614 0.00058079 0.00053701 0.00041148 0.00022330 0.00000000
 0.00000000 0.00000000 0.00000000 0.00000000 0.00000000 0.00000000 0.00000000 0.00000000 0.00000000
============================================================
Program for calculation of partial differential equations.  
============================================================
(c) Dr. Thomas Ludwig, TU München.
    Thomas A. Zochler, TU München.
    Andreas C. Schmidt, TU München.
============================================================

Berechnungszeit:    0.000136 s 
Speicherbedarf:     0.000000 MiB
Berechnungsmethode: Gauß-Seidel
Interlines:         0
Stoerfunktion:      f(x,y) = 2pi^2*sin(pi*x)sin(pi*y)
Terminierung:       Hinreichende Genaugkeit
Anzahl Iterationen: 48
Norm des Fehlers:   9.15454401544e-05

Matrix:
 0.00000000 0.00000000 0.00000000 0.00000000 0.00000000 0.00000000 0.00000000 0.00000000 0.00000000
 0.00000000 0.14821755 0.27388799 0.35787324 0.38738054 0.35791116 0.27394622 0.14826506 0.00000000
 0.00000000 0.27388799 0.50610919 0.66129995 0.71582232 0.66136468 0.50620859 0.27396911 0.00000000
 0.00000000 0.35787324 0.66129995 0.86407398 0.93531090 0.86415212 0.66141993 0.35797115 0.00000000
 0.00000000 0.38738054 0.71582232 0.93531090 1.01241718 0.93538904 0.71594231 0.38747845 0.00000000
 0.00000000 0.35791116 0.66136468 0.86415212 0.93538904 0.86421881 0.66146709 0.35799473 0.00000000
 0.00000000 0.27394622 0.50620859 0.66141993 0.71594231 0.66146709 0.50628101 0.27400531 0.00000000
 0.00000000 0.14826506 0.27396911 0.35797115 0.38747845 0.35799473 0.27400531 0.14829461 0.00000000
 0.00000000 0.00000000 0.00000000 0.00000000 0.00000000 0.00000000 0.00000000 0.00000000 0.00000000
============================================================
Program for calculation of partial differential equations.  
============================================================
(c) Dr. Thomas Ludwig, TU München.
    Thomas A. Zochler, TU München.
    Andreas C. Schmidt, TU München.
============================================================

Berechnungszeit:    0.000318 s 
Speicherbedarf:     0.000000 MiB
Berechnungsmethode: Gauß-Seidel
Interlines:         0
Stoerfunktion:      f(x,y) = 2pi^2*sin(pi*x)sin(pi*y)
Terminierung:       Hinreichende Genaugkeit
Anzahl Iterationen: 135
Norm des Fehlers:   9.52153911271e-11

Matrix:
 0.00000000 0.00000000 0.00000000 0.00000000 0.00000000 0.00000000 0.00000000 0.00000000 0.00000000
 0.00000000 0.14834320 0.27410250 0.35813217 0.38763947 0.35813217 0.27410250 0.14834320 0.00000000
 0.00000000 0.27410250 0.50647537 0.66174196 0.71626434 0.66174197 0.50647537 0.27410250 0.00000000
 0.00000000 0.35813217 0.66174196 0.86460754 0.93584446 0.86460754 0.66174197 0.35813217 0.00000000
 0.00000000 0.38763947 0.71626434 0.93584446 1.01295075 0.93584446 0.71626434 0.38763947 0.00000000
 0.00000000 0.35813217 0.66174197 0.86460754 0.93584446 0.86460754 0.66174197 0.35813217 0.00000000
 0.00000000 0.27410250 0.50647537 0.66174197 0.71626434 0.66174197 0.50647537 0.27410250 0.00000000
 0.00000000 0.14834320 0.27410250 0.35813217 0.38763947 0.35813217 0.27410250 0.14834320 0.00000000
 0.00000000 0.00000000 0.00000000 0.00000000 0.00000000 0.00000000 0.00000000 0.00000000 0.00000000
============================================================
Program for calculation of partial differential equations.  
============================================================
(c) Dr. Thomas Ludwig, TU München.
    Thomas A. Zochler, TU München.
    Andreas C. Schmidt, TU München.
============================================================

Berechnungszeit:    0.443901 s 
Speicherbedarf:     0.000000 MiB
Berechnungsmethode: Gauß-Seidel
Interlines:         10
Stoerfunktion:      f(x,y) = 2pi^2*sin(pi*x)sin(pi*y)
Terminierung:       Hinreichende Genaugkeit
Anzahl Iterationen: 1998
Norm des Fehlers:   9.99543859214e-05

Matrix:
 0.00000000 0.00000000 0.00000000 0.00000000 0.00000000 0.00000000 0.00000000 0.00000000 0.00000000
 0.00000000 0.13450388 0.24868273 0.32511547 0.35211225 0.32550191 0.24927543 0.13498651 0.00000000
 0.00000000 0.24868273 0.45978470 0.60109716 0.65100802 0.60180659 0.46087276 0.24956869 0.00000000
 0.00000000 0.32511547 0.60109716 0.78583798 0.85108493 0.78675900 0.60250971 0.32626561 0.00000000
 0.00000000 0.35211225 0.65100802 0.85108493 0.92174550 0.85207555 0.65252728 0.35334924 0.00000000
 0.00000000 0.32550191 0.60180659 0.78675900 0.85207555 0.78766844 0.60320131 0.32663747 0.00000000
 0.00000000 0.24927543 0.46087276 0.60250971 0.65252728 0.60320131 0.46193339 0.25013895 0.00000000
 0.00000000 0.13498651 0.24956869 0.32626561 0.35334924 0.32663747 0.25013895 0.13545078 0.00000000
 0.00000000 0.00000000 0.00000000 0.00000000 0.00000000 0.00000000 0.00000000 0.00000000 0.00000000
============================================================
Program for calculation of partial differential equations.  
============================================================
(c) Dr. Thomas Ludwig, TU München.
    Thomas A. Zochler, TU München.
    Andreas C. Schmidt, TU München.
============================================================

Berechnungszeit:    2.835621 s 
Speicherbedarf:     0.000000 MiB
Berechnungsmethode: Gauß-Seidel
Interlines:         10
Stoerfunktion:      f(x,y) = 2pi^2*sin(pi*x)sin(pi*y)
Terminierung:       Hinreichende Genaugkeit
Anzahl Iterationen: 12836
Norm des Fehlers:   9.99262894652e-11

Matrix:
 0.00000000 0.00000000 0.00000000 0.00000000 0.00000000 0.00000000 0.00000000 0.00000000 0.00000000
 0.00000000 0.14646215 0.27062677 0.35359091 0.38272405 0.35359091 0.27062677 0.14646215 0.00000000
 0.00000000 0.27062677 0.50005307 0.65335082 0.70718183 0.65335082 0.50005307 0.27062677 0.00000000
 0.00000000 0.35359091 0.65335082 0.85364398 0.92397759 0.85364398 0.65335082 0.35359092 0.00000000
 0.00000000 0.38272405 0.70718183 0.92397759 1.00010614 0.92397759 0.70718183 0.38272405 0.00000000
 0.00000000 0.35359091 0.65335082 0.85364398 0.92397759 0.85364398 0.65335082 0.35359092 0.00000000
 0.00000000 0.27062677 0.50005307 0.65335082 0.70718183 0.65335082 0.50005307 0.27062677 0.00000000
 0.00000000 0.14646215 0.27062677 0.35359092 0.38272405 0.35359092 0.27062677 0.14646215 0.00000000
 0.00000000 0.00000000 0.00000000 0.00000000 0.00000000 0.00000000 0.00000000 0.00000000 0.00000000
============================================================
Program for calculation of partial differential equations.  
============================================================
(c) Dr. Thomas Ludwig, TU München.
    Thomas A. Zochler, TU München.
    Andreas C. Schmidt, TU München.
============================================================

Berechnungszeit:    0.000069 s 
Speicherbedarf:     0.002060 MiB
Berechnungsmethode: Jacobi
Interlines:         0
Stoerfunktion:      f(x,y) = 0
Terminierung:       Anzahl der Iterationen
Anzahl Iterationen: 0
Norm des Fehlers:   0.00000000000e+00

Matrix:
 4.00000000 3.87500000 3.75000000 3.62500000 3.50000000 3.37500000 3.25000000 3.12500000 3.00000000
 3.87500000 0.00000000 0.00000000 0.00000000 0.00000000 0.00000000 0.00000000 0.00000000 2.87500000
 3.75000000 0.00000000 0.00000000 0.00000000 0.00000000 0.00000000 0.00000000 0.00000000 2.75000000
 3.62500000 0.00000000 0.00000000 0.00000000 0.00000000 0.00000000 0.00000000 0.00000000 2.62500000
 3.50000000 0.00000000 0.00000000 0.00000000 0.00000000 0.00000000 0.00000000 0.00000000 2.50000000
 3.37500000 0.00000000 0.00000000 0.00000000 0.00000000 0.00000000 0.00000000 0.00000000 2.37500000
 3.25000000 0.00000000 0.00000000 0.00000000 0.00000000 0.00000000 0.00000000 0.00000000 2.25000000
 3.12500000 0.00000000 0.00000000 0.00000000 0.00000000 0.00000000 0.00000000 0.00000000 2.12500000
 3.00000000 2.87500000 2.75000000 2.62500000 2.50000000 2.37500000 2.25000000 2.12500000 2.00000000
============================================================
Program for calculation of partial differential equations.  
============================================================
(c) Dr. Thomas Ludwig, TU München.
    Thomas A. Zochler, TU München.
    Andreas C. Schmidt, TU München.
============================================================

Berechnungszeit:    0.000035 s 
Speicherbedarf:     0.002060 MiB
Berechnungsmethode: Jacobi
Interlines:         0
Stoerfunktion:      f(x,y) = 2pi^2*sin(pi*x)sin(pi*y)
Terminierung:       Anzahl der Iterationen
Anzahl Iterationen: 0
Norm des Fehlers:   0.00000000000e+00

Matrix:
 0.00000000 0.00000000 0.00000000 0.00000000 0.00000000 0.00000000 0.00000000 0.00000000 0.00000000
 0.00000000 0.00000000 0.00000000 0.00000000 0.00000000 0.00000000 0.00000000 0.00000000 0.00000000
 0.00000000 0.00000000 0.00000000 0.00000000 0.00000000 0.00000000 0.00000000 0.00000000 0.00000000
 0.00000000 0.00000000 0.00000000 0.00000000 0.00000000 0.00000000 0.00000000 0.00000000 0.00000000
 0.00000000 0.00000000 0.00000000 0.00000000 0.00000000 0.00000000 0.00000000 0.00000000 0.00000000
 0.00000000 0.00000000 0.00000000 0.00000000 0.00000000 0.00000000 0.00000000 0.00000000 0.00000000
 0.00000000 0.00000000 0.00000000 0.00000000 0.00000000 0.00000000 0.00000000 0.00000000 0.00000000
 0.00000000 0.00000000 0.00000000 0.00000000 0.00000000 0.00000000 0.00000000 0.00000000 0.00000000
 0.00000000 0.00000000 0.00000000 0.00000000 0.00000000 0.00000000 0.00000000 0.00000000 0.00000000
============================================================
Program for calculation of partial differential equations.  
============================================================
(c) Dr. Thomas Ludwig, TU München.
    Thomas A. Zochler, TU München.
    Andreas C. Schmidt, TU München.
============================================================

Berechnungszeit:    0.000105 s 
Speicherbedarf:     0.002060 MiB
Berechnungsmethode: Jacobi
Interlines:         0
Stoerfunktion:      f(x,y) = 0
Terminierung:       Anzahl der Iterationen
Anzahl Iterationen: 1
Norm des Fehlers:   1.93750000000e+00

Matrix:
 4.00000000 3.87500000 3.75000000 3.62500000 3.50000000 3.37500000 3.25000000 3.12500000 3.00000000
 3.87500000 1.93750000 0.93750000 0.90625000 0.87500000 0.84375000 0.81250000 1.50000000 2.87500000
 3.75000000 0.93750000 0.00000000 0.00000000 0.00000000 0.00000000 0.00000000 0.68750000 2.75000000
 3.62500000 0.90625000 0.00000000 0.00000000 0.00000000 0.00000000 0.00000000 0.65625000 2.62500000
 3.50000000 0.87500000 0.00000000 0.00000000 0.00000000 0.00000000 0.00000000 0.62500000 2.50000000
 3.37500000 0.84375000 0.00000000 0.00000000 0.00000000 0.00000000 0.00000000 0.59375000 2.37500000
 3.25000000 0.81250000 0.00000000 0.00000000 0.00000000 0.00000000 0.00000000 0.56250000 2.25000000
 3.12500000 1.50000000 0.68750000 0.65625000 0.62500000 0.59375000 0.56250000 1.06250000 2.12500000
 3.00000000 2.87500000 2.75000000 2.62500000 2.50000000 2.37500000 2.25000000 2.12500000 2.00000000
============================================================
Program for calculation of partial differential equations.  
============================================================
(c) Dr. Thomas Ludwig, TU München.
    Thomas A. Zochler, TU München.
    Andreas C. Schmidt, TU München.
============================================================

Berechnungszeit:    0.000906 s 
Speicherbedarf:     0.002060 MiB
Berechnungsmethode: Jacobi
Interlines:         0
Stoerfunktion:      f(x,y) = 0
Terminierung:       Anzahl der Iterationen
Anzahl Iterationen: 100
Norm des Fehlers:   1.36636316362e-04

Matrix:
 4.00000000 3.87500000 3.75000000 3.62500000 3.50000000 3.37500000 3.25000000 3.12500000 3.00000000
 3.87500000 3.74974674 3.62453349 3.49938857 3.37434026 3.24938857 3.12453349 2.99974674 2.87500000
 3.75000000 3.62453349 3.49913531 3.37387376 3.24877714 3.12387376 2.99913531 2.87453349 2.75000000
 3.62500000 3.49938857 3.37387376 3.24852388 3.12340725 2.99852388 2.87387376 2.74938857 2.62500000
 3.50000000 3.37434026 3.24877714 3.12340725 2.99827062 2.87340725 2.74877714 2.62434026 2.50000000
 3.37500000 3.24938857 3.12387376 2.99852388 2.87340725 2.74852388 2.62387376 2.49938857 2.37500000
 3.25000000 3.12453349 2.99913531 2.87387376 2.74877714 2.62387376 2.49913531 2.37453350 2.25000000
 3.12500000 2.99974674 2.87453349 2.74938857 2.62434026 2.49938857 2.37453350 2.24974674 2.12500000
 3.00000000 2.87500000 2.75000000 2.62500000 2.50000000 2.37500000 2.25000000 2.12500000 2.00000000
============================================================
Program for calculation of partial differential equations.  
============================================================
(c) Dr. Thomas Ludwig, TU München.
    Thomas A. Zochler, TU München.
    Andreas C. Schmidt, TU München.
============================================================

Berechnungszeit:    0.000991 s 
Speicherbedarf:     10.035965 MiB
Berechnungsmethode: Jacobi
Interlines:         100
Stoerfunktion:      f(x,y) = 0
Terminierung:       Anzahl der Iterationen
Anzahl Iterationen: 1
Norm des Fehlers:   1.99938118812e+00

Matrix:
 4.00000000 3.87500000 3.75000000 3.62500000 3.50000000 3.37500000 3.25000000 3.12500000 3.00000000
 3.87500000 0.00000000 0.00000000 0.00000000 0.00000000 0.00000000 0.00000000 0.00000000 2.87500000
 3.75000000 0.00000000 0.00000000 0.00000000 0.00000000 0.00000000 0.00000000 0.00000000 2.75000000
 3.62500000 0.00000000 0.00000000 0.00000000 0.00000000 0.00000000 0.00000000 0.00000000 2.62500000
 3.50000000 0.00000000 0.00000000 0.00000000 0.00000000 0.00000000 0.00000000 0.00000000 2.50000000
 3.37500000 0.00000000 0.00000000 0.00000000 0.00000000 0.00000000 0.00000000 0.00000000 2.37500000
 3.25000000 0.00000000 0.00000000 0.00000000 0.00000000 0.00000000 0.00000000 0.00000000 2.25000000
 3.12500000 0.00000000 0.00000000 0.00000000 0.00000000 0.00000000 0.00000000 0.00000000 2.12500000
 3.00000000 2.87500000 2.75000000 2.62500000 2.50000000 2.37500000 2.25000000 2.12500000 2.00000000
============================================================
Program for calculation of partial differential equations.  
============================================================
(c) Dr. Thomas Ludwig, TU München.
    Thomas A. Zochler, TU München.
    Andreas C. Schmidt, TU München.
============================================================

Berechnungszeit:    0.046845 s 
Speicherbedarf:     10.035965 MiB
Berechnungsmethode: Jacobi
Interlines:         100
Stoerfunktion:      f(x,y) = 0
Terminierung:       Anzahl der Iterationen
Anzahl Iterationen: 100
Norm des Fehlers:   1.43282235928e-02

Matrix:
 4.00000000 3.87500000 3.75000000 3.62500000 3.50000000 3.37500000 3.25000000 3.12500000 3.00000000
 3.87500000 0.00000000 0.00000000 0.00000000 0.00000000 0.00000000 0.00000000 0.00000000 2.87500000
 3.75000000 0.00000000 0.00000000 0.00000000 0.00000000 0.00000000 0.00000000 0.00000000 2.75000000
 3.62500000 0.00000000 0.00000000 0.00000000 0.00000000 0.00000000 0.00000000 0.00000000 2.62500000
 3.50000000 0.00000000 0.00000000 0.00000000 0.00000000 0.00000000 0.00000000 0.00000000 2.50000000
 3.37500000 0.00000000 0.00000000 0.00000000 0.00000000 0.00000000 0.00000000 0.00000000 2.37500000
 3.25000000 0.00000000 0.00000000 0.00000000 0.00000000 0.00000000 0.00000000 0.00000000 2.25000000
 3.12500000 0.00000000 0.00000000 0.00000000 0.00000000 0.00000000 0.00000000 0.00000000 2.12500000
 3.00000000 2.87500000 2.75000000 2.62500000 2.50000000 2.37500000 2.25000000 2.12500000 2.00000000
============================================================
Program for calculation of partial differential equations.  
============================================================
(c) Dr. Thomas Ludwig, TU München.
    Thomas A. Zochler, TU München.
    Andreas C. Schmidt, TU München.
============================================================

Berechnungszeit:    0.001244 s 
Speicherbedarf:     0.002060 MiB
Berechnungsmethode: Jacobi
Interlines:         0
Stoerfunktion:      f(x,y) = 0
Terminierung:       Hinreichende Genaugkeit
Anzahl Iterationen: 104
Norm des Fehlers:   9.95468258620e-05

Matrix:
 4.00000000 3.87500000 3.75000000 3.62500000 3.50000000 3.37500000 3.25000000 3.12500000 3.00000000
 3.87500000 3.74981548 3.62466013 3.49955454 3.37451935 3.24955454 3.12466013 2.99981548 2.87500000
 3.75000000 3.62466013 3.49937003 3.37417947 3.24910908 3.12417947 2.99937003 2.87466013 2.75000000
 3.62500000 3.49955454 3.37417947 3.24892457 3.12383960 2.99892457 2.87417947 2.74955454 2.62500000
 3.50000000 3.37451935 3.24910908 3.12383960 2.99874005 2.87383960 2.74910908 2.62451935 2.50000000
 3.37500000 3.24955454 3.12417947 2.99892457 2.87383960 2.74892457 2.62417947 2.49955454 2.37500000
 3.25000000 3.12466013 2.99937003 2.87417947 2.74910908 2.62417947 2.49937003 2.37466013 2.25000000
 3.12500000 2.99981548 2.87466013 2.74955454 2.62451935 2.49955454 2.37466013 2.24981548 2.12500000
 3.00000000 2.87500000 2.75000000 2.62500000 2.50000000 2.37500000 2.25000000 2.12500000 2.00000000
============================================================
Program for calculation of partial differential equations.  
============================================================
(c) Dr. Thomas Ludwig, TU München.
    Thomas A. Zochler, TU München.
    Andreas C. Schmidt, TU München.
============================================================

Berechnungszeit:    0.002608 s 
Speicherbedarf:     0.002060 MiB
Berechnungsmethode: Jacobi
Interlines:         0
Stoerfunktion:      f(x,y) = 0
Terminierung:       Hinreichende Genaugkeit
Anzahl Iterationen: 280
Norm des Fehlers:   8.83755291170e-11

Matrix:
 4.00000000 3.87500000 3.75000000 3.62500000 3.50000000 3.37500000 3.25000000 3.12500000 3.00000000
 3.87500000 3.75000000 3.62500000 3.50000000 3.37500000 3.25000000 3.12500000 3.00000000 2.87500000
 3.75000000 3.62500000 3.50000000 3.37500000 3.25000000 3.12500000 3.00000000 2.87500000 2.75000000
 3.62500000 3.50000000 3.37500000 3.25000000 3.12500000 3.00000000 2.87500000 2.75000000 2.62500000
 3.50000000 3.37500000 3.25000000 3.12500000 3.00000000 2.87500000 2.75000000 2.62500000 2.50000000
 3.37500000 3.25000000 3.12500000 3.00000000 2.87500000 2.75000000 2.62500000 2.50000000 2.37500000
 3.25000000 3.12500000 3.00000000 2.87500000 2.75000000 2.62500000 2.50000000 2.37500000 2.25000000
 3.12500000 3.00000000 2.87500000 2.75000000 2.62500000 2.50000000 2.37500000 2.25000000 2.12500000
 3.00000000 2.87500000 2.75000000 2.62500000 2.50000000 2.37500000 2.25000000 2.12500000 2.00000000
============================================================
Program for calculation of partial differential equations.  
============================================================
(c) Dr. Thomas Ludwig, TU München.
    Thomas A. Zochler, TU München.
    Andreas C. Schmidt, TU München.
============================================================

Berechnungszeit:    0.082647 s 
