=== Abbruchbedingung: Iterationen ===
=== RUN 1: 1 Prozess (sequenziell) ===
============================================================
Program for calculation of partial differential equations.  
============================================================
(c) Dr. Thomas Ludwig, TU München.
    Thomas A. Zochler, TU München.
    Andreas C. Schmidt, TU München.
============================================================

Berechnungszeit:    327.152158 s 
Speicherbedarf:     257.126236 MiB
Berechnungsmethode: Jacobi
Interlines:         512
Stoerfunktion:      f(x,y) = 2pi^2*sin(pi*x)sin(pi*y)
Terminierung:       Anzahl der Iterationen
Anzahl Iterationen: 800
Norm des Fehlers:   2.92922935057e-07

Matrix:
 0.00000000 0.00000000 0.00000000 0.00000000 0.00000000 0.00000000 0.00000000 0.00000000 0.00000000
 0.00000000 0.00003432 0.00006342 0.00008286 0.00008969 0.00008286 0.00006342 0.00003432 0.00000000
 0.00000000 0.00006342 0.00011718 0.00015311 0.00016572 0.00015311 0.00011718 0.00006342 0.00000000
 0.00000000 0.00008286 0.00015311 0.00020004 0.00021653 0.00020004 0.00015311 0.00008286 0.00000000
 0.00000000 0.00008969 0.00016572 0.00021653 0.00023437 0.00021653 0.00016572 0.00008969 0.00000000
 0.00000000 0.00008286 0.00015311 0.00020004 0.00021653 0.00020004 0.00015311 0.00008286 0.00000000
 0.00000000 0.00006342 0.00011718 0.00015311 0.00016572 0.00015311 0.00011718 0.00006342 0.00000000
 0.00000000 0.00003432 0.00006342 0.00008286 0.00008969 0.00008286 0.00006342 0.00003432 0.00000000
 0.00000000 0.00000000 0.00000000 0.00000000 0.00000000 0.00000000 0.00000000 0.00000000 0.00000000
=== RUN 2: 5 Prozesse (parallel) ===
============================================================
Program for calculation of partial differential equations.  
============================================================
(c) Dr. Thomas Ludwig, TU München.
    Thomas A. Zochler, TU München.
    Andreas C. Schmidt, TU München.
============================================================

Berechnungszeit:    28.480542 s 
Speicherbedarf:     258.566895 MiB
Berechnungsmethode: Jacobi
Interlines:         512
Stoerfunktion:      f(x,y) = 2pi^2*sin(pi*x)sin(pi*y)
Terminierung:       Anzahl der Iterationen
Anzahl Iterationen: 800
Norm des Fehlers:   7.58140343402e-08

Matrix:
 0.00000000 0.00000000 0.00000000 0.00000000 0.00000000 0.00000000 0.00000000 0.00000000 0.00000000
 0.00000000 0.00003432 0.00006342 0.00008286 0.00008969 0.00008286 0.00006342 0.00003432 0.00000000
 0.00000000 0.00006342 0.00011718 0.00015311 0.00016572 0.00015311 0.00011718 0.00006342 0.00000000
 0.00000000 0.00008286 0.00015311 0.00020004 0.00021653 0.00020004 0.00015311 0.00008286 0.00000000
 0.00000000 0.00008969 0.00016572 0.00021653 0.00023437 0.00021653 0.00016572 0.00008969 0.00000000
 0.00000000 0.00008286 0.00015311 0.00020004 0.00021653 0.00020004 0.00015311 0.00008286 0.00000000
 0.00000000 0.00006342 0.00011718 0.00015311 0.00016572 0.00015311 0.00011718 0.00006342 0.00000000
 0.00000000 0.00003432 0.00006342 0.00008286 0.00008969 0.00008286 0.00006342 0.00003432 0.00000000
 0.00000000 0.00000000 0.00000000 0.00000000 0.00000000 0.00000000 0.00000000 0.00000000 0.00000000
=== RUN 3: 12 Prozesse (parallel) ===
============================================================
Program for calculation of partial differential equations.  
============================================================
(c) Dr. Thomas Ludwig, TU München.
    Thomas A. Zochler, TU München.
    Andreas C. Schmidt, TU München.
============================================================

Berechnungszeit:    15.693209 s 
Speicherbedarf:     260.070190 MiB
Berechnungsmethode: Jacobi
Interlines:         512
Stoerfunktion:      f(x,y) = 2pi^2*sin(pi*x)sin(pi*y)
Terminierung:       Anzahl der Iterationen
Anzahl Iterationen: 800
Norm des Fehlers:   3.82341153270e-08

Matrix:
 0.00000000 0.00000000 0.00000000 0.00000000 0.00000000 0.00000000 0.00000000 0.00000000 0.00000000
 0.00000000 0.00003432 0.00006342 0.00008286 0.00008969 0.00008286 0.00006342 0.00003432 0.00000000
 0.00000000 0.00006342 0.00011718 0.00015311 0.00016572 0.00015311 0.00011718 0.00006342 0.00000000
 0.00000000 0.00008286 0.00015311 0.00020004 0.00021653 0.00020004 0.00015311 0.00008286 0.00000000
 0.00000000 0.00008969 0.00016572 0.00021653 0.00023437 0.00021653 0.00016572 0.00008969 0.00000000
 0.00000000 0.00008286 0.00015311 0.00020004 0.00021653 0.00020004 0.00015311 0.00008286 0.00000000
 0.00000000 0.00006342 0.00011718 0.00015311 0.00016572 0.00015311 0.00011718 0.00006342 0.00000000
 0.00000000 0.00003432 0.00006342 0.00008286 0.00008969 0.00008286 0.00006342 0.00003432 0.00000000
 0.00000000 0.00000000 0.00000000 0.00000000 0.00000000 0.00000000 0.00000000 0.00000000 0.00000000
=== Abbruchbedingung: Präzision ===
=== RUN 4: 1 Prozess (sequenziell) ===
============================================================
Program for calculation of partial differential equations.  
============================================================
(c) Dr. Thomas Ludwig, TU München.
    Thomas A. Zochler, TU München.
    Andreas C. Schmidt, TU München.
============================================================

Berechnungszeit:    183.024869 s 
Speicherbedarf:     1.071548 MiB
Berechnungsmethode: Jacobi
Interlines:         32
Stoerfunktion:      f(x,y) = 2pi^2*sin(pi*x)sin(pi*y)
Terminierung:       Hinreichende Genaugkeit
Anzahl Iterationen: 92684
Norm des Fehlers:   9.99966024429e-08

Matrix:
 0.00000000 0.00000000 0.00000000 0.00000000 0.00000000 0.00000000 0.00000000 0.00000000 0.00000000
 0.00000000 0.14624152 0.27021910 0.35305827 0.38214752 0.35305827 0.27021910 0.14624152 0.00000000
 0.00000000 0.27021910 0.49929980 0.65236662 0.70611655 0.65236662 0.49929980 0.27021910 0.00000000
 0.00000000 0.35305827 0.65236662 0.85235807 0.92258573 0.85235807 0.65236662 0.35305827 0.00000000
 0.00000000 0.38214752 0.70611655 0.92258573 0.99859960 0.92258573 0.70611655 0.38214752 0.00000000
 0.00000000 0.35305827 0.65236662 0.85235807 0.92258573 0.85235807 0.65236662 0.35305827 0.00000000
 0.00000000 0.27021910 0.49929980 0.65236662 0.70611655 0.65236662 0.49929980 0.27021910 0.00000000
 0.00000000 0.14624152 0.27021910 0.35305827 0.38214752 0.35305827 0.27021910 0.14624152 0.00000000
 0.00000000 0.00000000 0.00000000 0.00000000 0.00000000 0.00000000 0.00000000 0.00000000 0.00000000
=== RUN 5: 5 Prozesse (parallel) ===
============================================================
Program for calculation of partial differential equations.  
============================================================
(c) Dr. Thomas Ludwig, TU München.
    Thomas A. Zochler, TU München.
    Andreas C. Schmidt, TU München.
============================================================

Berechnungszeit:    16.864547 s 
Speicherbedarf:     1.164551 MiB
Berechnungsmethode: Jacobi
Interlines:         32
Stoerfunktion:      f(x,y) = 2pi^2*sin(pi*x)sin(pi*y)
Terminierung:       Hinreichende Genaugkeit
Anzahl Iterationen: 92684
Norm des Fehlers:   2.58810251563e-08

Matrix:
 0.00000000 0.00000000 0.00000000 0.00000000 0.00000000 0.00000000 0.00000000 0.00000000 0.00000000
 0.00000000 0.14624152 0.27021910 0.35305827 0.38214752 0.35305827 0.27021910 0.14624152 0.00000000
 0.00000000 0.27021910 0.49929980 0.65236662 0.70611655 0.65236662 0.49929980 0.27021910 0.00000000
 0.00000000 0.35305827 0.65236662 0.85235807 0.92258573 0.85235807 0.65236662 0.35305827 0.00000000
 0.00000000 0.38214752 0.70611655 0.92258573 0.99859960 0.92258573 0.70611655 0.38214752 0.00000000
 0.00000000 0.35305827 0.65236662 0.85235807 0.92258573 0.85235807 0.65236662 0.35305827 0.00000000
 0.00000000 0.27021910 0.49929980 0.65236662 0.70611655 0.65236662 0.49929980 0.27021910 0.00000000
 0.00000000 0.14624152 0.27021910 0.35305827 0.38214752 0.35305827 0.27021910 0.14624152 0.00000000
 0.00000000 0.00000000 0.00000000 0.00000000 0.00000000 0.00000000 0.00000000 0.00000000 0.00000000
=== RUN 6: 12 Prozesse (parallel) ===
============================================================
Program for calculation of partial differential equations.  
============================================================
(c) Dr. Thomas Ludwig, TU München.
    Thomas A. Zochler, TU München.
    Andreas C. Schmidt, TU München.
============================================================

Berechnungszeit:    45.022463 s 
Speicherbedarf:     1.261597 MiB
Berechnungsmethode: Jacobi
Interlines:         32
Stoerfunktion:      f(x,y) = 2pi^2*sin(pi*x)sin(pi*y)
Terminierung:       Hinreichende Genaugkeit
Anzahl Iterationen: 92684
Norm des Fehlers:   1.30521757291e-08

Matrix:
 0.00000000 0.00000000 0.00000000 0.00000000 0.00000000 0.00000000 0.00000000 0.00000000 0.00000000
 0.00000000 0.14624152 0.27021910 0.35305827 0.38214752 0.35305827 0.27021910 0.14624152 0.00000000
 0.00000000 0.27021910 0.49929980 0.65236662 0.70611655 0.65236662 0.49929980 0.27021910 0.00000000
 0.00000000 0.35305827 0.65236662 0.85235807 0.92258573 0.85235807 0.65236662 0.35305827 0.00000000
 0.00000000 0.38214752 0.70611655 0.92258573 0.99859960 0.92258573 0.70611655 0.38214752 0.00000000
 0.00000000 0.35305827 0.65236662 0.85235807 0.92258573 0.85235807 0.65236662 0.35305827 0.00000000
 0.00000000 0.27021910 0.49929980 0.65236662 0.70611655 0.65236662 0.49929980 0.27021910 0.00000000
 0.00000000 0.14624152 0.27021910 0.35305827 0.38214752 0.35305827 0.27021910 0.14624152 0.00000000
 0.00000000 0.00000000 0.00000000 0.00000000 0.00000000 0.00000000 0.00000000 0.00000000 0.00000000
